1.55 1.05 2.05 2.55 1 0.957213
1.55 1.15 2.05 2.75 0.95 0.976543
1.55 1.25 2.05 2.95 0.9 0.924279
1.55 1.35 2.05 3.15 0.85 0.870327
1.55 1.45 2.05 3.35 0.8 0.813137
1.55 1.55 2.05 3.55 0.75 0.742111
1.55 1.65 2.05 3.75 0.7 0.67119
1.55 1.75 2.05 3.95 0.65 0.618807
1.55 1.85 2.05 4.15 0.6 0.54686
1.55 1.95 2.05 4.35 0.55 0.476937
1.55 2.05 2.05 4.55 0.5 0.421699
1.5 2.05 2.1 4.5 0.45 0.336862
1.45 2.05 2.15 4.45 0.4 0.293296
1.4 2.05 2.2 4.4 0.35 0.236866
1.35 2.05 2.25 4.35 0.3 0.234667
1.3 2.05 2.3 4.3 0.25 0.210985
1.25 2.05 2.35 4.25 0.2 0.178117
1.2 2.05 2.4 4.2 0.15 0.138525
1.15 2.05 2.45 4.15 0.1 0.105012
1.1 2.05 2.5 4.1 0.05 0.100634
1.05 2.05 2.55 4.05 0.0 0.05
