1.02072 0.66323
2.2927 0.0964139
3.60719 1.10181
4.55063 1.14888
6.01176 1.41692
7.94476 0.552477
9.26054 0.789987
0.709133 1.66141
2.03389 1.61658
3.1221 1.8891
5.64728 2.59546
6.7999 2.37361
8.43849 2.10975
9.1982 2.2037
0.83587 4.16523
1.4569 3.5107
3.60022 4.25352
4.50366 3.06598
6.68024 3.80421
8.13146 4.12297
8.61882 4.21335
0.847947 5.67144
1.7291 4.77084
3.90967 4.63169
5.30225 5.38394
7.01245 4.54384
7.30158 5.66054
8.73471 4.76992
0.335267 6.01538
2.57096 5.92942
3.0963 6.72874
4.72336 6.6013
5.86114 6.87847
8.45671 6.06831
9.32929 6.78826
1.18844 7.94532
1.84525 7.97869
3.04176 7.86119
4.9617 7.47993
6.59281 7.92987
7.95839 7.45552
8.66187 8.46487
1.26883 8.69064
2.77542 8.66473
3.86883 8.59298
5.66858 9.6243
6.8201 8.94728
7.2469 9.36034
9.37212 8.81899
11.3723 0.862144
11.4732 1.28601
12.9543 0.757606
14.4705 0.668744
16.6787 0.745861
17.5053 0.43212
19.8948 0.838816
10.0967 1.87017
11.6607 1.64647
13.4518 2.21807
14.9498 2.63104
16.1827 2.44545
17.401 1.71794
19.0078 2.52758
10.7491 3.30536
12.3035 4.21224
13.5231 2.93963
15.6415 3.00302
16.4562 3.52054
17.9294 3.23652
19.4055 3.59787
10.5863 5.35505
11.8286 5.702
13.0218 5.66468
14.8706 5.09109
16.9543 5.1736
18.2349 4.30674
19.0427 5.6333
10.2233 6.23171
12.0017 6.53985
13.3563 6.0386
14.5823 7.05733
16.5158 5.76245
18.0806 6.9784
19.3718 5.85923
10.6831 7.30049
12.1239 7.4578
13.0694 7.56676
15.6203 8.16535
16.3547 7.45176
18.3754 8.23133
18.586 7.55784
10.0359 9.74099
12.301 9.60912
13.6841 9.7205
15.0818 9.77696
15.7446 9.53719
18.4205 9.07716
19.2644 9.13712
21.4124 0.0794574
22.4589 1.32012
23.1821 0.156425
25.4022 1.01627
25.864 0.887237
27.336 1.26257
28.6453 1.42215
20.2585 1.98927
22.2307 2.78384
23.966 2.519
25.0545 2.32881
26.6476 1.44892
28.5704 1.97975
29.2531 2.812
20.1432 4.26698
21.94 3.9599
23.9399 3.84588
25.3673 4.06111
26.7008 2.92488
28.2348 3.00884
28.6871 3.52073
20.6934 5.55996
22.2864 4.68184
23.1573 5.40592
24.8481 5.42242
26.8295 5.68465
28.2187 4.55564
28.9282 4.75602
21.3828 6.46185
21.956 6.37212
22.8708 5.73964
25.1704 6.74727
27.1358 6.62865
27.5355 6.21386
29.8559 6.09222
21.4051 8.28678
22.7358 7.41741
24.212 7.26256
24.9187 8.53224
26.4912 7.90198
27.1519 7.61364
29.4782 7.48636
21.1166 9.75937
21.581 8.94267
23.8714 9.8713
25.5097 9.30732
26.6889 9.76542
27.807 9.26626
29.8506 9.9445
30.3047 0.187793
32.2787 0.496877
34.246 0.640181
35.5805 0.503422
36.0698 0.946757
37.6544 0.577519
39.6492 0.857956
30.3409 2.26309
32.0178 1.50443
32.9324 1.73436
35.229 2.30444
37.0087 2.04116
37.6721 2.54595
39.5981 1.43693
30.1189 3.73814
32.8532 3.07705
33.5595 3.02212
34.7628 3.61432
35.9422 3.83354
38.1615 3.45088
38.9341 2.91983
30.4759 5.65276
31.5681 5.5235
34.1622 4.81346
34.963 4.73896
36.0921 4.88826
37.7503 5.46632
38.9148 4.87347
30.0795 6.07074
31.8256 6.49789
33.5971 6.63678
34.5378 6.73019
36.0711 6.01371
37.3354 5.98808
39.5614 6.76784
30.9913 7.18577
31.8741 7.86431
33.4031 7.7933
34.8146 8.22183
35.8812 7.85047
37.6971 7.94384
39.5156 8.05003
31.262 9.3618
31.9997 8.70549
33.173 9.74856
34.2859 9.70231
37.1363 8.61631
37.4678 8.63581
38.9201 8.57624
41.2165 0.0798648
42.5236 0.339818
43.0425 0.446498
45.4792 0.952758
46.4312 1.20175
48.2155 0.805005
48.8218 1.41026
40.7854 2.1002
42.2022 1.48642
42.9342 1.61805
45.6682 1.8211
46.4662 2.53808
48.001 2.5262
49.8144 2.8434
41.3499 3.61134
41.6097 3.29247
43.682 3.14856
45.3918 3.60812
46.1455 3.63115
48.0025 3.93631
49.8744 4.05443
41.0913 4.61007
42.2277 5.24757
43.5836 4.31068
44.4286 5.5496
46.6531 4.55226
47.2167 5.27099
48.5831 5.2996
40.0301 6.39199
42.2828 6.24886
43.9824 6.40046
44.3282 6.63316
46.6798 6.96099
47.744 6.84125
49.5429 6.39275
40.4596 7.78747
41.6793 7.70686
43.0909 7.18543
45.6766 7.90661
47.1227 7.54996
47.1769 7.71681
49.2776 7.75175
40.8738 9.65835
41.63 8.87928
43.3036 9.79975
44.3525 8.79578
46.3215 8.60774
48.3407 8.85536
49.8199 9.25859
51.3617 1.25263
51.8217 0.680568
53.7232 1.22264
54.9655 1.09474
56.4842 1.27643
57.4648 0.465393
59.6345 0.00239009
50.6568 2.59054
51.6271 2.66614
53.0542 2.04744
55.565 1.57028
56.9485 1.46479
58.0658 2.78291
59.2901 2.04624
50.2526 3.94968
52.6576 3.35059
52.9506 4.14378
55.0378 3.3242
56.9053 2.9395
57.9015 3.73976
59.0984 3.9274
50.5891 5.66187
51.7031 5.64089
53.8014 4.67245
54.8105 4.536
56.9583 5.04795
57.5175 5.11623
58.7098 4.6868
51.2038 6.97931
52.4147 6.64777
52.9516 6.14686
55.2906 7.13168
56.1058 6.96937
57.8122 7.03766
59.5098 6.15191
50.4881 8.25975
52.4081 7.21738
54.1476 7.2144
54.4835 8.50958
56.1122 8.31289
57.8117 8.43947
59.907 7.59415
51.017 9.35359
52.3996 8.95117
54.0898 9.66823
55.662 9.62443
57.1006 8.83238
57.2764 8.99313
59.3596 9.65251
60.1212 1.22158
62.2155 0.815398
64.1745 0.620235
64.431 0.38997
66.6336 0.0988506
68.1032 0.614135
69.8773 0.72041
60.6474 2.36842
61.8611 1.71787
63.7654 2.09836
65.0876 1.85911
66.3162 1.90569
67.9488 2.14042
68.8613 2.25379
61.2127 3.74905
62.3479 3.17913
63.2983 3.44327
64.6793 3.53322
66.5127 3.03826
67.897 3.96692
69.0685 4.18831
60.9555 5.47629
61.5298 4.62191
63.5737 5.53669
65.357 4.3501
66.7476 4.55941
67.8678 5.56072
69.8141 5.60405
61.3125 6.82605
62.8302 6.42082
63.8605 5.85381
64.3394 6.4087
66.0783 6.13213
68.5515 7.01893
69.098 7.02717
60.0458 7.84139
62.3158 7.42471
64.1056 7.63739
64.5891 7.42061
66.9746 8.29103
67.39 8.27936
69.9572 8.21997
60.417 9.34406
61.5663 9.70857
63.9651 9.74913
64.8676 8.63887
66.6613 8.68556
67.6849 9.21452
69.9842 9.71924
70.58 1.39623
72.3998 1.41034
73.6991 1.14408
75.3493 0.0071053
76.6025 1.29119
78.1306 0.259339
79.349 0.558941
70.9621 2.75549
72.235 1.61301
74.1121 1.7302
75.3972 1.66602
76.8209 1.72053
78.316 2.47838
79.1288 2.4977
70.0919 3.64849
71.5111 3.90767
73.6284 3.82045
75.6264 3.18606
76.9832 3.12193
78.0624 3.46944
79.7301 4.03508
70.6743 5.67091
72.0767 5.09877
73.1297 4.54729
74.9299 5.66706
77.0409 5.55501
78.0062 4.84201
78.686 4.75834
70.036 6.35432
72.2503 6.09675
72.871 6.58612
75.5796 6.84828
75.7376 6.85419
77.9806 6.44698
79.8088 6.98678
70.5918 8.50846
72.158 7.54206
73.6141 8.25332
74.7586 7.76549
76.9327 8.05995
78.0142 7.91647
79.1514 7.84138
70.2244 8.66428
72.0902 8.71802
74.0596 8.69251
75.4241 8.57924
76.341 9.71766
77.5836 9.52297
79.2371 9.51119
80.7939 1.22831
82.3166 1.01271
84.2714 0.903919
84.7174 1.05847
86.5321 1.19598
87.6161 0.222784
88.872 1.05142
80.2253 1.79514
82.2961 2.45567
84.2445 2.41007
84.6137 2.05282
86.0376 2.69927
87.6893 2.24656
88.8871 2.35302
81.0257 3.45758
82.3326 3.93822
84.0654 3.95283
85.6026 4.28534
86.6606 2.94596
87.3157 3.65264
89.0333 3.97839
80.1759 4.45222
82.7788 4.29722
82.918 5.41502
84.5078 4.65541
85.719 4.88247
87.1656 5.50549
89.1621 5.53957
80.0279 5.95127
82.6553 6.09229
83.9354 6.42054
84.6278 5.95379
86.0371 7.07945
88.3281 7.11253
89.9923 6.95435
81.1409 8.15337
82.293 8.40849
83.9692 7.85801
85.228 8.01766
87.0252 7.75955
87.2809 7.70908
88.9022 7.48842
81.2778 9.63871
81.7168 9.97943
83.0007 9.0188
84.9298 8.79258
86.5152 8.84081
88.1003 9.65571
89.6501 9.58084
91.3229 0.700299
92.5632 0.451894
93.2866 0.215782
94.4129 0.890288
96.45 0.713065
97.5217 0.453424
99.7864 0.0691735
90.3043 2.7269
92.6165 2.71113
94.055 2.54322
95.5523 2.33232
96.0796 1.65106
97.8876 2.58465
99.5908 2.73323
91.2165 4.28191
92.4748 3.24677
94.0011 3.12969
94.7903 3.37909
95.9361 3.36835
97.7503 3.15459
99.9644 3.86659
91.0143 4.49935
92.2767 5.60482
92.9613 4.40622
94.5626 4.43291
96.7657 4.75644
97.5775 4.85784
99.9617 5.5122
90.7762 6.09863
92.1978 6.01226
93.9865 6.34229
95.2348 6.15798
96.5103 6.06358
98.2108 5.74518
99.16 6.35041
90.8353 7.60161
92.6994 8.25561
93.2641 7.54025
94.8491 8.05609
96.5143 8.43118
97.4332 7.84573
99.3338 8.54781
91.2038 8.68905
91.4879 8.91516
93.4276 9.91122
95.5322 9.18487
96.4827 9.02691
97.7256 9.17193
99.9188 9.32751
0.567511 11.4242
2.68667 10.686
4.11447 11.1213
5.02044 10.8248
6.25971 11.0194
8.31029 11.0294
9.05989 10.7681
1.29415 12.2942
2.06405 11.676
4.00938 11.5724
5.07916 12.2889
6.85026 12.4102
7.56821 12.1204
9.12525 12.5379
1.32876 12.9728
2.52235 13.7276
4.10946 14.1051
5.62455 13.2738
6.66185 12.9254
7.73077 13.206
8.97988 13.3879
0.328593 15.5128
1.54458 15.4969
4.17843 15.196
5.49531 15.0734
6.84482 15.1259
7.196 14.4632
9.44868 15.0619
1.19338 15.9182
1.54542 15.7513
3.42007 15.9114
5.09076 16.0235
7.09223 16.7257
7.29239 16.9674
9.50536 16.7971
1.05936 17.7944
1.91209 17.3001
4.00874 18.0491
5.3965 17.6848
6.31181 17.9562
8.50213 17.5634
9.40125 17.3025
0.266666 19.3146
1.59379 19.9282
4.13544 19.4112
4.62794 19.4315
6.9461 19.9112
7.30717 19.3809
9.39095 19.2696
11.332 11.113
12.4468 10.8175
13.2963 10.1052
15.0313 10.8116
15.8966 10.9522
18.0382 11.3767
19.9075 10.5094
11.3555 11.5236
11.732 11.568
13.341 12.024
15.4036 11.4566
16.1517 12.6694
17.8349 12.2072
19.5808 11.5571
10.7625 13.9588
11.4663 13.2493
13.3316 13.3455
15.5606 13.6605
15.7426 13.2716
17.4649 13.7618
19.3141 13.3902
11.0256 14.4742
11.567 14.9135
13.1031 15.4617
14.7148 14.5749
16.8188 15.5336
18.2135 15.1061
18.7848 15.4745
10.4308 17.02
12.4638 15.8497
13.5646 16.7031
15.4398 16.1656
16.8566 16.7781
18.0242 16.8712
19.3962 16.3177
10.156 17.334
12.8564 18.1245
12.9059 17.7982
14.3573 17.877
16.4662 17.9012
17.9677 17.9135
18.9778 18.0818
10.3999 18.6006
12.5659 19.5955
12.9894 18.5907
15.4029 19.8234
16.9179 19.0217
18.4057 19.7518
18.9032 19.1094
20.7272 10.9672
22.0674 10.7286
23.1346 11.1402
25.6735 10.6347
25.7947 10.2574
28.36 11.0279
28.9911 10.4805
20.2649 12.1731
22.68 12.5666
24.1169 12.467
24.5615 12.634
25.7991 11.9247
27.4174 12.2933
29.0089 11.9225
21.3039 12.8946
22.1548 13.2747
24.0388 13.1652
24.542 13.3711
26.1677 13.9416
27.3612 12.9256
29.0864 13.4991
20.5125 15.2525
22.6962 14.4049
24.2118 15.5081
24.5467 14.8766
26.8427 14.6873
28.125 14.9617
28.9953 14.4444
21.2527 16.1335
22.7972 16.1903
23.6952 16.6391
24.9795 15.8743
27.0272 15.991
28.125 16.98
29.9273 16.9858
21.2779 17.9215
22.4052 17.6676
24.1747 17.1715
25.7091 18.1912
26.9271 18.1351
27.2302 17.2175
29.929 18.5011
21.0656 19.0134
21.8535 19.1751
24.2394 18.8991
24.4425 18.9307
26.8071 19.1983
27.4511 19.6384
29.6093 19.869
30.1354 10.0881
32.5231 10.4575
33.0094 10.5071
35.388 11.3704
36.6146 10.2755
37.9745 10.9212
39.224 10.7027
30.4784 12.5384
32.0718 12.8133
33.9613 12.3057
34.7343 12.7715
35.8544 12.4083
37.8087 12.0171
39.3959 12.292
31.0641 13.1106
31.8878 13.8361
34.162 14.2071
35.6332 13.7712
36.952 13.2099
37.8117 13.3883
39.7506 13.1048
30.7476 14.6047
31.9171 15.1924
32.876 15.3948
34.5807 14.6444
36.4684 15.4504
37.6424 14.6428
39.3766 14.8613
31.3912 16.9695
31.6026 16.2131
33.1974 17.0483
35.299 16.6687
36.6102 16.1436
37.6772 16.0086
39.3888 17.0589
31.2745 18.1085
32.8353 17.1585
33.7842 17.5494
35.632 18.4845
36.1556 17.5146
37.8284 18.5266
39.106 17.7141
30.6425 18.9222
32.1519 19.9432
34.2348 19.9037
34.4631 18.8186
35.7874 18.6136
38.2883 18.7148
39.785 19.5736
40.4817 11.0399
42.6256 11.3658
43.5325 10.6146
44.5706 11.2837
46.1148 11.2327
47.6155 10.3896
49.7931 10.8495
41.4222 12.037
42.3781 12.2644
43.812 11.7871
44.8513 12.2246
46.7149 11.5281
48.5615 12.5182
49.2263 11.9296
41.2936 14.2651
41.5532 13.9932
44.1288 13.5163
45.3881 13.3059
46.8906 13.8763
47.8189 13.4332
48.6384 14.2027
40.4082 15.4831
42.3492 15.4863
43.9683 15.4565
45.0699 15.714
46.0723 14.9281
48.0073 14.5782
49.958 14.4331
40.0543 16.9507
41.7416 15.7214
43.6105 15.9152
45.268 16.5141
46.9507 16.7507
48.1614 17.0891
49.9102 16.3773
40.3737 17.9672
41.7326 17.9899
44.0582 17.3706
44.7406 17.1478
45.9344 17.395
48.4815 17.5234
49.5518 17.1899
40.4411 19.6236
42.0228 18.8041
43.483 19.9711
44.3068 19.0563
46.0484 19.6964
47.1936 19.6374
49.8835 19.5631
50.7849 10.4176
52.6694 10.8668
53.6404 11.0785
55.5005 10.5954
56.4324 10.0722
57.4308 10.2632
58.7391 10.5304
50.5381 12.4118
52.4083 12.5408
54.0972 12.3304
54.7241 12.3952
56.1357 12.4683
58.0642 11.5607
59.8207 12.4948
50.0634 14.1786
52.377 13.5378
54.1242 13.7161
55.3329 13.5935
56.3567 13.705
58.3269 13.0128
59.6632 13.3014
51.2454 15.695
52.504 14.7278
54.0967 15.4453
55.0725 14.4542
55.7307 15.6739
58.2891 14.9998
59.141 15.5
50.2161 16.8466
51.9226 16.1271
54.0912 16.8352
55.3738 16.2779
56.0582 15.9573
57.2097 16.7659
58.5942 16.9995
51.2128 17.6655
51.6769 17.2127
52.964 17.3359
55.5706 17.9913
56.5743 18.3986
57.1436 18.5153
59.1328 18.1203
50.042 19.1148
51.7912 19.583
54.2752 19.6803
55.22 18.6335
56.746 18.6581
58.552 18.6183
59.3251 18.8894
61.0015 10.4011
61.9219 10.6063
63.5395 10.8152
64.9091 11.3383
65.9253 10.9721
67.6432 10.2201
68.7867 10.3435
60.3039 12.0734
61.7355 11.562
63.569 11.7321
65.0381 11.9785
66.4686 11.8322
67.8607 11.636
68.7142 12.2127
60.83 13.365
62.2586 14.0825
64.129 14.1669
65.6123 13.7225
66.2351 13.2664
68.5137 13.1523
68.8914 13.6759
60.7934 14.4023
62.5813 15.2537
63.1143 15.0482
64.939 15.1039
66.1898 15.3942
67.8345 15.3675
68.7393 15.1577
61.1563 16.811
62.1936 16.6222
63.7682 16.128
64.8919 16.1185
66.4236 16.1574
67.1483 16.8781
69.6147 16.4181
60.0743 18.4357
62.4809 17.4276
62.9629 17.5649
64.7902 17.4327
66.024 18.0153
67.5508 18.179
69.2433 17.1678
60.6226 19.8088
62.8308 19.9717
63.8894 19.5769
64.7754 19.6216
66.238 18.7367
68.4198 19.9597
69.2254 19.4198
70.0028 10.2203
71.6611 11.1512
73.8171 10.0618
75.4889 10.1827
76.1874 10.5894
77.8961 10.8643
78.6087 10.1462
70.0171 12.476
72.445 12.1527
73.7829 12.4771
74.3143 12.693
76.9091 11.436
77.5126 12.2244
79.6126 12.0045
70.4065 13.7266
71.567 13.9229
73.4684 12.9875
75.0141 13.3806
76.9188 13.8334
77.2406 13.9697
78.8726 13.374
70.6678 15.3453
72.8118 14.9067
73.6466 14.3214
75.4028 15.2892
77.1177 14.9011
77.6955 14.9529
78.8242 14.9128
70.4203 16.114
71.8897 16.5313
74.1102 16.028
75.0391 15.8326
75.7581 16.9115
77.6722 15.7549
78.9328 16.1015
71.1126 17.253
71.698 18.3178
73.8989 17.8634
75.1747 18.5073
75.982 18.3216
77.2697 18.167
79.3495 18.2471
70.089 18.8465
71.8013 18.9881
73.9537 19.5739
74.8031 19.9408
76.2117 18.7898
78.5092 19.7207
79.7262 18.6585
80.0994 10.9185
82.1993 11.3399
83.3127 10.0622
84.9426 10.7536
86.6831 11.0735
88.4554 10.8331
88.9598 10.5844
80.0518 12.5359
81.6898 11.8582
84.1594 12.5579
84.9807 11.7991
85.7751 12.1709
87.275 12.7148
89.9838 12.3285
80.669 14.0069
82.0298 13.4042
83.7096 12.9394
85.0204 13.7291
86.3077 13.1292
88.5502 13.2119
89.698 13.0461
80.4883 15.3982
82.0768 15.6005
83.4459 15.2052
85.4684 15.5152
85.9674 14.9612
87.5959 14.8594
89.5411 14.3446
80.7476 16.2985
81.8267 16.7902
84.173 17.0264
84.3451 15.8042
87.1181 16.268
87.805 16.7777
89.2448 16.5133
81.0772 18.2613
82.1799 18.3928
83.6525 18.1034
84.4658 18.5128
86.043 18.162
87.7533 18.2279
89.037 18.035
80.9119 19.5735
82.3617 19.5465
84.2337 19.6855
84.6719 18.9431
86.619 19.8237
87.9536 19.5626
89.3892 18.6946
91.2242 10.9903
92.6814 10.3478
93.0796 11.1819
94.7496 10.0761
96.2759 11.3671
98.3924 11.3437
99.9276 10.1274
90.1427 12.2695
92.7003 12.7247
93.7737 11.616
94.9503 12.5957
95.7472 11.8374
97.1998 12.5468
99.5688 11.8768
90.467 13.4233
92.0613 13.5709
93.4328 13.9795
95.4122 13.4117
96.1629 14.2425
98.1859 14.1938
99.3918 13.9541
91.0288 15.4499
92.3637 14.87
94.2516 15.618
94.6531 14.6526
96.8862 15.5241
97.3124 14.9934
98.6753 15.4968
90.6021 17.0177
91.8456 16.6309
93.6051 16.1168
95.6323 16.6725
96.1431 16.2108
97.543 16.4241
98.8209 16.988
91.1218 17.7142
92.5264 17.9973
93.9235 17.7137
95.5828 17.3603
96.8095 18.0592
97.4925 17.7279
99.1773 18.298
90.8236 19.3091
91.5859 19.0534
92.9424 18.6721
95.6784 19.2077
96.1473 19.5739
97.6756 19.1974
98.6574 19.5823
1.13155 20.9517
2.58199 20.3726
3.57275 20.7796
5.37547 20.4924
6.35714 20.6829
7.6525 21.3678
9.03133 20.5494
0.0202173 21.8911
1.44057 22.4988
3.08067 21.5246
5.10643 22.2667
7.11883 22.1594
7.97484 21.5831
8.6376 22.829
1.31688 23.5248
2.59462 23.962
3.94898 23.0151
4.86953 23.7649
6.93162 23.8656
7.96811 22.986
9.01911 23.7425
0.632095 25.5022
1.97179 24.9117
3.20676 25.3391
5.66758 24.6769
6.61388 25.6304
8.56347 24.7736
8.80605 24.4968
1.41601 26.8016
1.78442 26.4811
3.07673 26.2441
4.66741 26.4522
5.87213 26.5012
7.42431 26.896
9.48908 26.3418
0.222303 27.417
2.14618 28.522
4.02454 27.8268
4.89508 28.0316
6.09056 27.9151
7.21275 27.8312
8.93081 27.6194
1.15573 29.4101
2.1642 28.9692
4.26294 29.429
5.47465 28.9055
7.0421 29.2073
8.07801 28.6744
9.66963 28.6171
10.0798 20.9259
12.2938 20.3706
13.4778 20.0995
15.3095 20.6596
15.7683 21.271
17.2738 21.2909
19.765 21.2722
10.3856 22.6852
12.5523 21.4709
13.142 21.6216
14.7984 21.7964
16.3467 21.8186
17.4072 21.9333
19.8561 21.713
10.2004 23.0444
11.8976 22.9183
13.9742 23.496
15.4827 22.8749
16.6982 23.2506
18.0521 23.9975
19.3467 23.9699
11.0263 24.7375
11.6991 25.0008
13.8934 24.3428
15.2515 25.4769
16.5492 25.6629
18.007 25.2032
18.871 24.7494
11.3369 26.8732
12.3631 26.6301
14.0502 25.9384
14.7002 26.5699
16.6818 26.5234
18.2947 25.7959
18.8761 26.2816
10.073 27.1586
11.7243 28.5141
13.9074 27.8706
14.4231 27.3985
16.71 27.9153
17.181 27.584
19.7055 27.3737
10.3115 29.6094
12.1555 29.5726
13.6385 29.4041
14.4529 29.2061
16.1663 29.6367
17.4373 28.9507
19.4667 29.8967
20.472 21.0426
22.8306 20.6204
23.4948 20.7588
24.8995 20.4101
26.4941 20.7517
27.2511 21.2014
29.2499 20.8876
20.671 22.0534
22.579 22.8194
23.0348 22.0158
24.6196 21.737
26.5098 21.4983
28.5119 22.1209
29.7017 22.1961
20.3218 23.5093
21.5474 23.7539
23.9171 23.0076
24.933 23.9694
26.9346 23.8504
28.5601 24.2362
29.0869 23.945
20.3594 24.9477
22.2819 24.839
23.7474 25.3656
25.079 24.5006
26.9689 24.9655
27.3578 24.4549
29.9899 24.3355
21.3 26.0964
22.4069 25.7416
24.1535 26.0826
24.4845 26.2505
26.6807 25.7849
27.3343 26.5777
29.7392 27.0465
20.1155 28.0466
22.2035 27.7017
23.9634 27.4578
25.5122 27.9978
26.3842 28.4473
27.6719 27.7732
29.3869 27.7752
21.2106 29.3097
22.8512 29.6615
23.591 29.5119
24.3837 29.1192
26.5878 28.6501
27.3365 29.4752
29.0055 29.2229
31.3595 21.0279
32.1653 20.33
33.7619 20.4862
35.2743 21.3857
36.9722 20.666
37.8606 20.0302
38.8099 20.3502
30.609 21.8771
31.8448 22.2996
33.9111 22.3075
35.3889 22.5482
36.8515 22.5285
38.4932 22.4548
38.961 22.4215
31.2944 23.3818
31.9797 24.0727
33.7185 22.9246
34.9789 24.1633
36.2388 23.4629
37.3831 23.1753
38.8781 23.2925
30.8608 24.7782
32.1747 24.5363
33.0882 24.6904
35.3854 25.3995
36.2862 24.822
37.7896 24.3085
38.6913 25.6907
31.4034 26.9786
32.1406 26.5574
33.486 26.5858
35.0653 25.8303
36.7307 26.2817
37.4091 26.9627
39.6026 27.1155
30.3238 28.1083
31.5971 27.9589
33.0849 28.1525
34.8894 27.7909
37.0583 28.5068
38.2432 28.1693
39.6598 28.4467
30.822 28.9047
31.517 29.9055
33.4894 29.1485
34.3733 28.9771
36.1058 29.3746
38.4801 29.5377
38.9863 28.6861
40.7706 20.0253
41.8543 21.1353
43.2132 20.6892
45.6956 20.7667
46.5399 20.0022
48.4835 20.6144
49.7913 21.0113
40.4158 22.284
42.433 21.6312
43.3284 22.2943
45.4127 21.4917
45.9667 21.7409
47.3682 22.1976
48.5886 21.9728
40.9807 22.8579
42.2036 22.9548
43.1566 23.7859
44.979 23.8583
45.7312 23.8785
47.6868 23.8011
49.2488 24.2795
40.5948 24.8357
42.291 25.4149
43.9573 25.2418
44.7695 24.5454
46.9824 25.0388
47.3828 25.2547
48.8476 25.6036
41.1247 26.6015
41.7305 26.7172
43.8244 26.9587
44.858 27.1324
46.4134 26.0765
47.9636 26.5907
49.1636 25.9864
41.2347 27.5456
42.2383 28.4904
44.1792 27.33
45.5894 28.483
46.3493 27.2364
47.2025 27.7022
48.7627 27.9001
40.5223 29.9249
41.4441 29.0373
43.9791 29.5674
45.377 29.2441
46.4286 29.7582
47.6189 28.7174
49.1126 29.8795
50.2161 21.1252
52.3921 20.5596
53.2489 20.9376
54.8714 21.2652
57.0178 20.7527
57.7966 20.4617
59.5841 21.0478
50.6864 22.6905
52.5788 22.5404
53.6722 22.6081
54.9933 21.551
56.1193 22.6085
57.6643 22.4279
59.0144 21.655
50.6724 23.6786
51.4918 23.275
53.2654 24.1686
54.3428 23.9115
55.7339 23.5768
58.3094 24.0662
58.8029 23.7009
51.2245 24.3077
51.5602 24.8808
52.9447 24.9316
54.7906 25.2981
55.8989 24.6828
58.4229 24.3575
58.5975 25.5973
50.0981 26.5762
52.096 26.0281
53.4746 27.1328
55.2139 25.8695
55.9303 26.3044
58.1876 26.6191
59.2108 26.7655
50.1882 27.6206
51.6181 28.1872
53.5845 27.7288
55.2223 27.9006
56.1109 27.2347
58.1413 27.2181
59.3799 27.9937
50.0571 29.8832
51.7863 28.7209
53.4113 29.3972
55.2306 28.715
56.0722 29.5346
57.2885 29.2178
59.7826 29.1546
61.3677 20.1694
62.4479 21.3985
63.1017 20.5148
65.3877 20.2663
66.7201 21.3963
67.2365 20.4553
69.7615 20.7785
61.1642 21.6246
61.8784 22.7519
63.7832 21.7568
64.5474 22.1599
66.9069 22.8189
67.2102 22.2901
69.5768 22.0871
60.4315 23.7644
62.6427 22.9545
64.1119 23.3672
65.1019 24.2783
66.0526 24.0688
67.8669 23.5867
68.7991 23.2549
60.2304 24.8392
62.2614 24.4155
64.0428 25.3066
64.6801 25.0243
66.4744 25.1547
67.4357 25.5813
69.9834 24.3455
60.2155 26.1795
62.3892 25.9827
63.7052 26.5292
65.5221 27.0449
65.95 26.6753
68.1999 25.7983
69.2686 26.8567
60.7448 27.7319
61.9825 28.0743
64.0649 27.2254
65.0581 27.5734
66.6678 28.253
67.2303 28.0796
69.2528 27.4579
60.718 29.4682
61.477 29.8734
64.2108 29.7016
65.051 28.6992
66.0776 29.9645
68.2756 29.1115
69.2007 28.6536
70.7172 20.9187
71.9435 20.1999
73.2665 20.8638
74.8148 20.2046
76.1191 20.6145
77.7845 21.2841
79.5327 21.0394
70.7077 22.6934
72.4685 22.7151
73.2047 22.6631
74.5543 21.9808
76.9609 21.8091
77.5475 21.4919
79.5935 22.805
70.9128 23.6578
71.7427 23.7639
73.0704 22.8953
74.4361 23.7503
76.2409 23.5209
77.9974 23.9957
79.5257 22.9649
70.066 24.8979
72.4728 25.1148
73.8901 24.7316
74.303 24.4419
76.4822 25.3562
77.2408 25.5883
79.3453 24.6829
71.2661 25.8813
71.4942 25.9423
73.25 26.8985
75.3485 27.0821
77.1281 26.4665
77.6864 26.3792
79.9803 26.9393
71.3457 28.4881
72.1601 27.7383
73.1693 28.3863
74.3927 27.6782
76.907 27.6367
78.2906 28.1954
79.607 28.2507
71.0772 28.8701
71.6423 29.2373
72.8666 29.1976
74.6144 29.336
76.5923 29.3081
78.4535 28.7482
79.5482 29.7429
80.2373 20.124
82.499 20.0829
84.187 20.6927
84.7185 21.2933
85.735 20.2979
87.1864 20.6305
89.5169 20.5555
80.2533 21.9548
82.052 22.1616
82.9296 21.8475
85.2378 21.5189
86.0923 22.4156
87.3021 22.2979
88.7569 22.6187
80.3562 23.5879
82.4934 23.5431
83.0368 22.918
85.5251 24.1431
86.2603 23.6038
88.4259 24.243
89.9331 23.5014
80.3995 25.0145
81.6572 24.8592
83.9471 24.3428
84.6077 25.5341
86.6231 25.1229
87.9433 24.3913
89.4891 24.357
81.0151 25.7787
82.0898 25.9449
83.186 26.3239
85.6378 26.7798
86.9966 26.6671
87.2435 26.3805
89.4939 25.8982
81.099 27.272
81.5285 28.5525
83.4398 28.3436
85.0526 28.1807
86.4232 27.4879
88.2977 27.6648
89.8606 27.4818
80.9225 28.9703
82.0238 29.0862
83.1216 29.1581
84.3133 29.5339
87.0861 29.302
88.5087 29.7718
88.6905 28.707
91.1049 21.3103
92.4664 20.6717
93.0245 21.4015
95.4899 21.0801
96.9412 20.8679
98.0175 20.4635
98.8159 21.1657
90.7656 21.5843
91.7185 22.4725
93.1532 21.5101
95.0713 22.0343
96.952 21.7578
97.7226 21.4607
98.9999 21.4586
91.4092 23.6834
92.7995 23.043
93.0736 24.0324
95.3648 23.5845
96.1788 22.9194
97.4488 23.4661
98.9166 23.8405
91.3614 25.4502
92.7597 24.6043
93.6817 25.1438
95.0463 25.5341
96.8525 25.2663
97.5652 24.9444
98.8923 24.3494
90.8677 26.493
91.8133 26.0859
93.0372 26.3812
95.5588 25.887
96.263 26.4836
97.7435 26.4333
99.5737 26.2617
90.8173 27.4687
91.8609 28.5557
94.1748 28.2246
94.9591 27.66
96.1617 27.2078
98.1605 27.5122
99.3168 28.2459
90.2563 29.3229
92.2547 29.6005
93.5283 29.8989
94.6183 29.5268
96.6814 29.4932
98.5564 28.5883
99.2061 29.72
1.39812 30.7487
2.74007 31.0076
3.65757 30.3294
5.12676 30.7301
6.74977 31.0719
8.02929 30.7554
9.756 31.3434
0.984483 32.4412
1.92734 32.7264
3.49718 32.6197
5.13217 32.5688
6.90441 32.3888
7.21293 31.8413
8.86928 32.485
1.07455 33.1626
1.73295 33.6948
3.55165 33.0223
4.44252 34.2178
6.23774 33.3961
7.70627 34.1106
9.46995 33.3583
0.607456 35.0973
2.37378 34.4006
4.12114 35.5928
4.84042 34.3716
6.4231 34.6721
8.11589 34.9383
8.99075 35.0705
0.743437 35.8645
2.68953 35.9314
2.98878 36.6168
4.35339 36.6955
6.78871 36.161
8.52173 35.9885
9.85918 35.8609
0.87267 38.449
1.62856 37.1591
4.24329 37.1459
4.39302 38.0511
6.49491 37.5537
7.98189 38.2595
9.69618 37.7742
0.68399 39.0079
1.8378 38.8851
3.79684 39.9355
5.64761 38.845
5.94415 38.5948
8.31392 39.0648
9.77825 39.789
10.2161 30.7279
12.479 30.2454
13.1679 31.338
15.3941 30.6379
15.8686 31.4086
18.1677 30.9376
19.5251 30.9555
11.369 31.8596
12.563 31.5222
13.187 31.7237
14.7201 32.7962
16.7936 32.0873
18.0483 32.6176
19.2365 32.7998
10.1666 33.3854
12.3207 33.7373
12.9326 33.2976
15.2172 32.8861
15.992 33.0324
17.216 33.3844
19.0119 33.6821
10.0829 35.2326
11.7858 35.6494
13.9753 34.9609
14.952 35.1362
16.3312 34.7758
18.3426 35.6478
19.4302 34.9196
10.891 36.358
12.3563 35.7236
13.9425 35.8951
14.6789 36.5133
16.8591 36.8762
18.5024 35.884
18.6106 36.8667
10.4243 37.9794
12.6502 37.5168
13.922 37.3276
15.6186 37.2949
16.5546 38.395
18.0486 38.4039
19.5604 37.3795
10.6672 39.9453
11.6577 38.7157
13.5435 39.6282
14.9559 39.2706
15.8935 39.2501
17.6562 38.9258
18.7164 39.4781
21.2703 30.3397
22.5287 30.4624
22.8828 30.4259
24.7895 31.3921
25.924 30.9127
27.1875 30.6132
29.5755 31.0406
20.3688 32.2357
21.5179 31.5164
22.9523 32.6424
25.1989 31.7419
26.8929 32.4705
28.0265 31.9454
29.7483 32.1205
20.2149 34.1671
22.0847 34.2692
23.2754 32.9079
24.7435 33.1613
26.1095 34.2168
28.4097 33.4679
29.8362 33.8683
20.0975 35.151
22.8563 35.3303
23.1708 35.1378
25.7034 34.7159
26.5633 34.7283
28.4593 35.3832
29.9471 35.3028
20.0488 35.739
22.6633 36.465
23.3031 36.4954
25.2721 36.9962
27.0002 36.5632
28.3089 36.2838
29.8536 36.4104
21.0123 37.6986
22.8247 37.7607
23.4611 38.1543
25.5908 37.2914
26.4609 38.2814
28.4549 38.2867
28.7611 38.1331
20.719 39.6338
22.5548 39.9357
23.215 39.8997
24.2922 39.1339
25.7614 39.1875
28.0919 39.3465
28.8854 38.6461
31.3282 30.2489
31.5461 31.1431
34.1075 30.4403
35.1632 30.1451
36.6259 30.1746
37.855 31.3084
39.1277 30.4196
30.3757 32.1203
32.5215 32.191
33.5139 32.2373
35.6072 31.431
36.2164 32.0842
38.5385 32.5681
39.9127 31.4588
31.3126 34.1101
32.3178 33.4257
33.0424 33.9396
35.3951 33.9771
37.046 33.0956
37.3264 33.4273
39.2158 34.0169
31.3262 34.5636
32.2017 34.9605
33.2645 34.606
34.8673 35.3116
37.131 34.742
37.8109 34.4719
39.4 34.999
30.1789 35.7857
32.6759 35.9739
33.2513 36.6806
34.583 36.535
35.9408 36.1326
37.5956 36.3006
39.2511 36.1132
31.3883 38.5367
32.7426 37.3828
33.7255 38.3164
34.9427 38.4896
36.8658 38.4595
37.8993 38.149
39.267 38.172
30.1874 39.9665
32.3988 38.8654
33.1334 38.9937
34.935 39.3365
36.7451 39.3632
38.4058 38.6263
38.7454 39.4596
41.2064 31.0137
42.4417 30.4686
42.9543 31.103
44.4522 30.4478
45.7351 30.2061
47.6119 31.3951
49.9151 30.969
41.3016 32.3194
42.6202 32.1268
42.9317 31.4873
45.5735 32.3889
46.5509 31.6017
48.4296 32.068
49.1139 32.5381
40.1268 33.2728
42.6557 33.6695
43.9426 33.5368
44.3926 33.0033
46.6086 34.1003
48.011 33.1729
49.0352 33.0437
40.6037 35.1305
41.6164 34.3607
43.322 34.4663
44.5911 34.6004
46.1368 34.6486
48.2802 35.7085
48.5877 34.5483
41.0856 35.8853
41.7073 36.5756
44.1931 36.9534
44.8414 36.0022
46.8215 36.289
48.4079 36.226
48.8095 35.8738
40.921 38.3906
42.4955 38.2002
43.8106 37.3848
45.7011 38.395
45.9469 37.1835
47.3007 38.444
48.581 37.1951
40.9845 39.6865
41.4456 39.7355
42.8759 39.1513
45.1483 39.0238
46.6917 39.5992
47.7592 39.9167
49.2281 39.435
50.4227 30.362
51.6982 30.4065
53.575 30.3333
55.5191 30.027
56.1376 30.8256
58.1742 30.6736
59.6162 31.0187
50.1787 31.7007
51.7307 31.6941
54.1459 32.466
55.6243 32.3214
57.0085 31.4288
57.5982 32.7345
59.305 32.7572
51.2299 33.6267
51.7901 33.1995
53.6099 33.4055
54.6915 33.8864
56.8593 34.082
57.6936 32.9492
59.4954 33.5645
50.0854 35.6067
52.2249 34.4448
54.1376 35.5066
55.4031 35.0078
56.7819 35.5113
57.2152 35.6112
59.8889 35.4359
50.2174 35.7286
52.0521 35.9796
53.1008 37.0723
55.409 35.9954
56.2719 36.7016
57.1606 35.8843
59.2765 36.2337
51.1019 37.1682
52.6385 38.1113
54.2217 38.4568
55.3215 37.3554
56.448 37.8229
58.1834 37.4727
59.9521 37.2973
50.8953 39.2146
52.2516 39.1388
53.8125 39.9721
55.6076 39.5665
57.0434 39.2492
57.9052 38.8065
58.6971 39.3625
60.0887 31.0219
61.8586 30.2413
63.3871 30.865
65.1555 31.0338
65.8646 30.8561
67.5602 30.9681
69.9842 30.0055
60.0879 32.5751
62.2049 31.6231
63.4115 31.7526
65.247 32.3707
66.1885 31.9591
68.5228 31.6214
69.4563 31.8864
60.9465 33.214
61.8198 33.4136
63.5138 34.0005
64.6892 33.2174
65.7599 33.0399
67.879 34.0965
69.0517 33.7105
61.3207 35.3181
62.2434 34.502
63.2304 35.2854
65.6296 35.4297
66.2715 34.608
68.2672 35.4173
69.4431 34.8026
61.3596 36.3029
62.7228 35.9321
64.1294 35.7253
64.618 35.7854
66.6398 35.8157
68.1343 37.0137
69.1437 35.8684
60.0838 38.438
62.4554 38.3164
63.5047 38.117
64.611 38.0615
66.5822 38.3533
67.3164 38.0078
69.1908 38.1276
60.9904 39.9944
62.0449 38.6965
63.4264 38.678
64.3882 39.7691
66.2327 38.8731
67.6688 39.0422
69.1676 38.8581
70.8219 31.3734
72.611 31.0186
73.383 30.3407
74.6847 31.4208
77.1399 30.7649
77.3585 30.3852
79.1225 31.2933
71.407 31.6592
72.4109 31.7931
73.4628 31.7895
74.5827 32.6338
76.5531 32.1239
77.4786 32.2044
79.7016 32.0558
70.3366 33.6164
72.4065 33.8902
73.8465 34.0271
74.353 34.1426
76.3698 33.9387
77.1617 33.5839
78.7829 33.5085
71.377 35.6203
72.7044 34.7047
73.4997 34.5411
75.4043 34.8826
75.9552 34.4174
77.9362 34.6859
79.9741 35.3151
71.0441 36.6731
71.734 35.7524
74.0977 35.7858
75.6814 35.7609
77.0674 35.9741
78.1771 36.0279
79.1044 35.9101
70.2143 38.2198
72.5301 37.4841
74.2246 38.5576
75.6716 38.4337
76.0061 37.4138
77.7237 38.0924
79.5009 37.1849
70.569 39.3889
72.1577 39.9377
73.9186 39.7719
74.6819 39.3245
76.0766 38.5809
78.1807 39.3987
79.5894 39.9337
80.0764 30.9323
82.1345 30.4044
83.107 30.9742
84.5012 31.1086
85.8109 30.9444
87.7017 30.9854
88.7696 31.3192
80.4556 31.9614
82.3474 32.7102
84.1966 32.5448
84.6248 31.5251
86.2044 32.5697
87.3001 32.7621
89.2861 31.8797
80.2723 34.1778
82.7021 33.4529
83.6071 34.1505
84.5694 33.8343
85.919 33.2535
87.155 33.185
89.04 33.9229
80.6656 34.5361
81.9226 34.5259
83.491 34.7771
84.5632 34.361
86.3156 35.0302
87.1666 34.5094
88.9335 35.6716
80.2139 36.448
82.0707 36.8134
84.2045 35.8336
85.6494 36.3134
86.1107 35.7972
88.2543 36.5341
88.9449 35.9522
80.5428 38.3554
81.5739 37.5163
84.003 38.2418
85.0424 37.1747
85.9316 37.7805
87.3377 38.0616
88.8355 37.812
81.2423 39.5295
82.2045 39.1827
84.1666 39.644
85.4494 39.8823
86.5437 39.1621
87.3959 39.6052
89.7683 39.3091
90.4538 30.3654
91.8354 30.2441
93.071 30.2058
95.0151 30.7535
96.4442 30.4202
97.6974 31.3377
99.7731 31.1103
90.0328 32.4102
92.8111 32.8145
93.4462 31.8745
95.3677 32.5586
95.9367 32.4172
97.8448 32.4603
99.6825 32.0777
91.0204 34.0748
91.9221 32.9526
93.6758 33.8615
95.1097 33.2972
96.0425 34.2751
97.8009 33.2207
99.0344 32.8684
90.2097 35.5085
92.4567 34.382
92.9082 34.5727
95.3999 35.5588
96.9682 35.2591
97.8923 34.8889
99.0651 34.9819
90.926 37.0263
92.0331 36.1354
93.4374 36.272
94.4312 36.0554
96.1686 36.773
98.2885 37.098
99.7145 36.6384
90.7176 37.1662
91.7103 37.8075
92.9084 37.7536
94.325 37.3221
96.0624 37.5612
97.1909 38.4461
99.2757 38.5168
91.1805 39.5922
91.9755 39.0096
92.8772 39.4461
95.7082 39.7229
96.3407 39.7333
97.7869 39.4878
98.8272 38.9232
1.04648 40.0465
2.36467 40.6287
3.3096 40.3718
5.193 40.0337
5.77997 41.047
7.94121 40.3377
9.79945 40.9076
0.712891 42.7442
2.38758 42.1516
3.75788 42.4109
4.82877 41.9069
6.87301 42.7017
7.96714 41.6044
8.98237 42.1833
0.522263 43.0852
2.19563 43.3187
2.89577 43.2295
4.54216 43.1534
6.03532 43.3769
8.35298 43.0872
9.7809 43.4658
1.19024 44.7778
2.38052 44.4224
3.82567 44.5611
5.55939 44.4817
6.85108 45.3644
7.86035 45.1942
9.69036 44.7735
0.331534 46.1807
2.33936 46.7581
3.91281 46.7485
4.51297 46.2609
5.85672 46.7829
8.05629 47.0832
9.86862 46.723
0.588242 48.1735
2.0599 47.4301
4.08086 47.577
4.58786 48.0824
5.8913 47.1442
8.55553 47.825
9.45546 48.1278
1.1322 49.3571
1.89283 49.9142
3.92607 48.6905
5.50515 48.8504
6.07323 49.5664
7.92826 49.1697
9.38298 49.9114
10.5076 40.2606
12.5663 41.2328
13.004 40.0071
15.1988 40.5829
17.1032 40.1964
18.5076 40.4524
19.5424 41.2102
11.0624 42.0986
12.2533 41.6269
13.8015 41.8776
15.6885 42.5395
16.7445 42.169
17.6204 41.5271
19.2025 42.6353
11.2313 44.1651
12.658 43.5398
14.1463 44.0383
14.9247 43.7719
16.258 43.4544
17.6093 42.8677
18.6309 44.2739
10.8858 44.4532
12.2453 44.6449
13.3073 44.9638
15.6171 44.6869
16.9805 45.5294
18.2708 45.675
19.7645 44.6505
10.6501 46.9441
11.4538 46.0902
13.9845 46.6376
14.7383 46.6795
16.1723 46.6932
17.4412 46.9524
18.6249 46.2939
11.1047 47.6958
12.5497 47.6621
13.4031 48.389
14.8414 48.1699
16.378 47.191
17.9497 48.2777
19.4836 47.5049
10.4373 48.7178
11.6538 49.9993
13.1505 48.7481
15.0729 49.152
17.1278 49.8959
18.2146 48.7894
18.5719 48.6274
21.4204 41.2094
22.4317 41.3034
24.1802 41.3494
25.5172 41.1872
25.8448 41.2016
27.1916 40.0536
29.6467 41.3331
20.2856 41.5237
22.1983 41.5753
24.2755 41.4834
24.3691 41.8663
26.7235 41.7535
27.5343 42.3299
29.7453 41.893
20.8538 44.2315
22.7637 43.5017
23.7428 43.6117
25.5007 43.704
26.7922 43.5624
27.4292 42.9339
29.2067 43.977
20.2931 45.2581
22.0826 45.0468
23.3013 44.7603
25.5403 45.1996
26.7749 44.8826
28.2295 44.6131
29.0565 44.7034
20.502 46.4358
21.6484 46.6943
22.9172 46.838
25.2333 47.1287
26.5898 46.2389
28.126 46.1581
29.7255 46.1247
20.1716 47.7846
21.5375 48.1559
23.2958 47.7793
25.6186 48.267
26.1423 47.7442
27.5652 47.3214
28.721 47.1462
20.8637 49.4462
22.4048 49.9832
22.9068 49.4318
24.7085 49.5853
25.8162 49.3706
28.0641 49.4085
28.972 48.862
30.9211 40.3559
31.7427 40.9383
33.3434 41.0437
34.3228 40.6727
36.2326 41.4259
37.8912 40.3439
39.12 40.9072
30.2834 42.4649
32.3069 41.8428
33.8002 41.6365
35.2348 41.5921
36.281 42.8325
37.5956 42.6937
39.6735 41.5722
30.4566 43.9573
32.6053 43.4534
33.9641 43.192
34.3357 43.4661
36.3854 43.144
38.1184 43.3951
38.8821 43.2368
30.6547 44.6398
31.7191 45.0027
33.2334 45.4386
35.2464 44.3342
35.9181 44.495
38.0267 44.6817
39.7298 44.8725
30.1262 46.82
32.2725 45.8487
33.9212 46.7448
34.9237 46.733
36.1053 45.7761
37.2739 46.798
38.6602 46.0225
30.7621 48.0913
31.6021 48.3351
34.0498 47.7821
35.5212 47.604
37.0485 48.5428
37.3173 47.9183
39.0371 47.9903
30.0386 49.8786
32.1179 48.7802
34.0265 49.8258
35.2908 48.8291
36.5978 49.5496
37.9887 48.9577
39.2666 49.3685
41.4183 40.5348
42.0183 40.9233
44.2265 40.1793
45.4743 40.4793
46.9418 41.0713
48.3315 40.512
48.9334 40.7422
40.7663 42.8407
42.0477 42.4623
42.9414 41.8067
45.0194 41.7136
46.183 41.8102
47.3121 41.6994
49.4682 41.4737
40.473 43.4355
41.7032 43.4199
43.0376 43.6294
45.5268 43.5453
46.0631 44.2052
47.8924 43.0552
48.9771 43.3244
40.0777 44.7382
41.5715 44.5472
42.8613 45.6466
45.1096 45.5487
47.0238 44.632
48.4116 45.6772
49.0378 44.29
40.3101 45.9113
42.6516 46.881
44.2392 46.9427
45.5968 46.0456
45.9549 46.179
48.2753 46.5558
48.6128 46.1485
40.4072 47.5275
42.0464 47.5389
44.1726 48.0321
45.3671 47.5839
46.4342 48.4485
47.3243 48.4546
49.7887 47.238
40.1304 49.4162
42.2246 48.7018
43.236 49.7911
44.4835 49.2183
46.3045 49.5045
47.9525 49.6927
49.1641 48.8479
50.7243 40.4709
51.4603 40.8496
54.1487 41.0925
54.343 41.0718
55.7772 40.9541
58.4032 40.2706
58.8558 40.4193
50.3495 42.7366
52.8467 42.568
53.5331 41.6054
54.6951 41.8961
56.1895 42.0627
57.752 42.149
59.8495 41.7549
50.589 44.1706
52.3718 43.4273
53.4492 43.2288
55.6748 43.6461
56.3124 43.4278
57.8239 43.8391
58.8587 43.1073
50.818 44.7985
51.6853 45.1144
53.4476 44.7762
54.4342 45.5265
56.5366 44.6108
57.8749 44.7717
59.3982 45.5796
50.5719 46.9581
51.7311 46.8246
53.7368 46.1094
54.4141 46.3648
56.3399 46.5344
58.3698 46.4238
59.7694 46.951
50.0083 47.5453
52.2122 47.9911
53.0262 47.6418
55.543 47.4977
56.086 48.3204
58.1701 47.8167
59.0484 47.5549
50.82 49.3679
51.8744 48.9546
53.8504 48.5872
55.5026 49.4034
55.9057 48.7867
58.3421 49.074
59.3528 49.2503
60.0096 40.1891
62.8351 40.8886
63.9098 40.9551
64.8391 41.0448
66.6511 40.7853
67.3147 41.1096
68.9953 40.2386
61.1955 42.1142
61.8146 42.8299
63.382 42.4623
64.461 41.722
66.8954 42.3127
67.3234 41.7703
69.0785 41.8548
60.2632 44.254
62.2822 43.0136
63.8623 43.0383
64.7745 43.4316
66.2016 43.7669
68.2792 42.9886
68.8823 43.5882
60.7168 45.2192
62.7127 45.1636
64.0786 45.3663
64.4064 45.1261
66.0441 45.5224
67.3347 44.8725
69.9033 45.295
60.4389 46.8495
62.4073 46.6945
63.424 45.9954
65.5069 45.9619
66.0742 46.4415
68.5042 46.9541
69.5146 46.4806
60.8847 47.2
62.6256 47.2349
62.9105 48.4988
65.5706 47.8847
66.0527 48.483
67.2628 47.8985
69.0745 47.4627
60.6754 48.824
62.5679 49.1731
63.0319 49.0523
64.8973 49.4865
66.002 49.187
68.0428 49.917
69.3533 48.9505
70.8204 40.3462
71.8883 41.0658
73.7833 40.9767
74.8225 40.4081
76.6787 40.5952
77.8213 40.3456
78.7816 40.3537
70.2009 42.8175
72.0099 41.9973
73.9068 42.7758
74.7418 41.481
75.8155 42.2177
77.821 42.1947
79.7792 42.0807
71.1649 43.6237
71.7757 43.3691
73.7568 43.5383
75.132 43.489
76.6391 43.6259
78.2123 43.0327
79.977 43.2433
71.3885 44.6357
72.6149 45.009
73.7752 44.5949
74.5402 44.8146
76.0301 44.3826
78.4124 44.6336
79.8036 44.7832
71.4152 46.5892
71.4926 46.8485
73.0772 46.7776
74.5993 46.8025
76.0877 45.7657
78.3391 45.864
79.8785 45.8773
70.4169 48.1151
72.0195 47.8825
74.1508 48.1568
75.0037 47.9514
75.8863 47.7616
77.889 48.0292
78.6926 47.9789
71.1543 49.8148
72.2692 49.2503
73.9305 49.7929
75.3271 48.6847
77.0976 48.6847
78.1571 48.7442
79.3717 49.1246
80.5013 40.1206
82.1991 41.2465
83.3392 40.3267
84.7262 41.1406
86.9795 41.0463
87.2885 40.2232
88.9872 40.4271
80.9154 42.6328
82.1951 42.1569
84.1954 42.3843
85.4622 42.5754
86.4851 42.6893
87.6844 41.7577
89.9646 41.9238
80.2907 43.5626
81.796 43.2735
83.6712 43.2581
85.3934 43.7013
86.6471 43.3313
88.1634 44.0131
88.5729 43.2946
81.2346 45.6617
81.7074 45.0556
82.9841 44.3758
84.3115 45.164
86.1477 45.6599
88.0718 45.569
89.2273 45.3104
80.5237 46.4696
82.0826 46.8552
84.155 47.1303
84.2862 46.3107
86.9318 46.6074
87.4389 45.8485
89.3019 46.3381
81.4118 47.1665
81.7441 48.0946
83.6489 47.8915
85.1037 47.5378
86.7836 48.3762
87.1468 48.155
89.431 48.069
81.2445 49.8382
81.7617 48.9686
83.444 49.5233
84.6701 48.9288
86.5544 49.9236
87.3348 49.7915
88.7145 49.651
90.1488 40.4331
91.8188 40.7539
93.7044 40.938
95.6847 40.8542
96.7048 41.2315
97.2071 40.6309
99.4895 40.804
90.3058 42.034
91.598 42.7528
93.8563 41.544
95.0135 42.3979
97.089 42.1305
97.8436 42.0789
99.1058 42.0715
90.7946 43.9735
92.845 43.643
93.9314 43.6528
94.8029 44.1371
96.6232 43.1348
97.4006 43.0366
99.1396 43.2795
91.3297 45.2236
91.6637 45.2588
93.1939 45.0063
94.9289 45.4351
95.9635 45.3449
97.7834 45.5446
99.5404 44.3233
91.2477 46.4654
92.1897 46.9358
94.2647 47.0538
95.0312 46.6999
96.1516 46.6952
97.8552 46.0178
98.6604 46.8743
90.2401 48.3589
91.9353 47.9107
92.9804 47.4836
94.3325 48.407
96.5932 47.5774
97.9627 48.2014
99.3582 47.8264
91.4054 49.329
91.9083 49.3072
93.1625 49.0852
95.2096 49.5731
95.8441 49.1747
97.7603 48.7331
98.6668 48.6476
0.566689 51.2175
1.46924 51.1149
2.91753 51.2474
4.76903 51.0105
6.65794 50.1978
7.41547 50.7467
9.1958 51.0761
1.30546 51.596
2.48318 52.8228
3.26915 51.9453
4.33008 51.5388
7.09089 52.8349
7.7939 52.2906
8.75718 52.2201
0.204886 52.8674
2.24393 53.388
3.86681 53.6669
5.64852 53.1998
6.42692 54.2205
8.16884 54.089
8.87139 53.9824
1.23041 54.7746
2.05612 55.4874
3.76615 55.1355
4.42541 54.4555
5.7545 55.503
7.30211 54.7626
9.94049 55.4083
0.203973 57.0426
1.49507 56.9137
2.87384 55.9611
5.10317 55.8604
5.75811 56.3652
7.37786 56.2424
8.62684 56.6916
0.426248 57.3154
1.6609 57.1453
3.4379 58.0813
4.3531 58.3786
6.79274 57.4832
7.61136 57.9874
9.8868 58.0131
0.730658 58.6035
2.57032 58.762
3.03233 59.3026
4.49976 58.6813
5.80931 59.4595
7.22643 59.0457
8.72168 59.5367
10.6524 50.6931
12.4485 50.6987
14.2377 50.3612
15.1065 50.5189
16.2013 50.3011
18.2002 50.2912
19.9637 50.3479
11.3765 52.2534
12.5978 52.4583
14.0402 52.0604
14.5561 51.7235
16.4798 52.456
17.3874 51.4616
19.0832 52.8053
10.7302 53.7985
12.7342 54.0434
13.2798 53.8055
15.437 52.9787
16.8749 54.1304
18.1136 53.3248
19.5029 53.9585
11.3218 54.6215
12.0719 55.4909
13.0138 55.1421
15.0517 54.5652
17.0737 54.972
17.673 54.3031
18.5862 55.3614
10.8095 56.396
11.9287 56.7742
13.7146 56.1047
15.1837 57.0034
16.2988 56.0157
17.6103 56.5082
19.648 56.3455
10.8365 58.1955
12.3138 57.866
14.1338 57.3676
15.0334 57.5499
16.0596 57.1813
17.8618 57.1934
19.263 58.3419
10.2619 59.4905
12.38 59.3714
13.1307 59.9591
14.4904 59.5422
17.0872 59.8219
17.3481 58.7705
19.5827 58.6695
20.7423 51.1103
22.0237 50.1252
22.8847 50.1768
24.6468 50.6707
26.6598 50.1876
28.3306 50.6929
29.2919 50.8579
20.4499 52.725
21.4399 51.9756
23.1636 51.6379
24.6742 52.4998
26.1076 51.4813
27.9453 51.9064
29.9192 51.853
20.8429 54.1651
22.8449 53.8138
23.4623 53.9095
25.0262 53.8787
26.5319 52.9908
28.2833 54.2465
29.7925 54.1693
20.419 55.6004
21.7052 54.3343
23.1223 55.0081
24.8065 55.4104
25.7841 54.9836
27.3246 54.8642
29.0035 55.0075
21.1535 56.9135
22.0743 55.9394
23.5118 56.1974
24.964 55.8885
26.5782 56.6371
27.8489 57.0659
28.9159 56.1022
20.3616 57.8954
21.9488 57.5245
23.4316 57.703
25.3233 58.4274
25.9131 57.2484
27.8505 58.0378
28.8804 57.4649
20.0862 58.6687
22.7174 59.1848
23.7994 59.2066
24.4894 58.758
26.6967 59.7932
28.1587 58.6971
29.2572 58.8582
31.3229 51.0658
31.8881 50.1753
34.126 50.4862
35.2547 50.7336
36.5559 50.2252
37.6793 50.1557
38.7339 51.2798
30.0315 52.1974
32.625 51.8543
33.3739 52.564
35.2946 51.545
36.2444 51.8533
37.4082 51.6145
39.5911 52.0935
30.999 53.2198
32.7014 53.1946
33.5722 52.8833
35.7094 53.2797
36.6099 53.6556
37.7053 53.6602
39.2184 52.9983
31.1733 55.0132
32.2251 54.6474
34.0266 55.3991
34.7928 54.6873
35.7747 54.8018
37.8578 55.2515
39.0455 55.3742
30.0205 57.1082
32.1683 56.3791
33.903 56.9277
35.0293 56.4191
36.1907 56.5485
38.2343 56.2738
39.8404 56.5227
30.0927 58.1312
32.6895 58.2381
33.947 57.614
34.5938 58.5569
36.2223 58.526
38.5574 57.5187
39.4645 57.4626
30.7701 59.0277
32.3534 59.0288
33.7915 59.9558
34.879 59.2729
36.9042 59.9705
38.2156 59.6032
39.4103 59.076
40.2453 50.0713
42.2045 51.3921
44.1696 50.2028
45.66 50.61
46.2663 51.0201
47.9864 50.9481
49.0653 50.067
40.4377 52.5294
42.0451 51.6769
43.7013 51.7274
45.6266 52.4445
46.2958 51.9768
47.3973 52.6117
49.553 52.6983
40.4015 53.5653
42.1149 53.4951
44.1969 53.6622
45.1891 53.4307
46.0442 53.0196
47.3977 54.003
49.2291 53.9722
40.57 55.0254
42.6319 55.529
44.2727 54.8979
45.1419 55.0695
46.2622 55.6989
47.3661 55.4666
49.9544 54.509
40.7348 57.0365
42.4431 56.521
43.9837 55.7305
45.0048 56.2065
46.9826 56.099
47.8042 55.946
49.5881 56.5177
40.8974 57.4043
41.8509 57.1515
43.7975 57.1549
45.4788 57.8438
46.0125 57.464
47.2955 58.219
49.3101 57.4086
41.1483 59.8
41.9542 59.0829
42.8905 59.4188
45.1402 59.3813
47.0942 59.4507
47.8369 59.4851
49.4675 58.8993
50.7997 51.0618
51.8764 50.2999
54.2282 50.8168
54.4751 50.1091
56.4285 50.7887
57.1429 50.6952
59.644 51.1241
50.6685 52.3767
52.7872 52.5467
53.1031 51.621
55.0597 52.284
56.8034 51.7241
57.9647 52.5157
59.1643 51.6877
50.6531 54.1898
52.2266 53.8956
53.6912 53.8425
55.3031 53.9558
56.8646 54.0186
57.7447 53.5457
58.6529 53.8993
51.2947 55.6693
52.3034 54.3534
53.753 54.525
54.3845 54.717
55.8226 54.5824
58.5099 54.5224
59.6427 54.597
50.1083 56.5274
51.839 56.2278
54.2544 56.3121
55.3939 56.8629
55.886 56.1439
58.136 56.7886
58.6937 57.0224
50.3404 57.7921
52.1961 57.713
53.8621 57.6453
55.2256 58.4681
56.7678 57.9417
57.2277 57.7171
59.3325 58.1436
50.498 58.8284
52.7951 59.5583
54.096 59.4743
55.5195 59.6355
56.3888 58.7953
58.2621 59.7899
58.8299 58.955
60.4507 50.0725
62.1628 50.702
63.326 51.0889
64.8223 51.417
66.1837 50.2355
68.365 50.7691
69.8968 50.2019
61.1192 52.8567
61.723 51.7929
63.5291 51.7646
65.3971 51.4389
66.5617 52.1981
68.0368 52.6107
69.044 52.1202
60.2446 53.4528
62.7575 53.1238
63.4744 54.1295
64.579 54.2757
65.9744 53.4549
67.7342 54.2817
69.6861 52.9753
60.86 55.0242
62.3538 54.6939
63.0533 54.92
64.2864 55.1468
66.1863 55.1717
67.5832 54.6412
69.0476 54.8883
60.6718 55.7266
61.6655 56.5892
63.9819 56.0816
64.3813 56.6455
65.8641 55.7777
68.353 56.0238
69.2637 57.0599
61.378 57.9479
61.8176 57.7783
63.7773 58.5711
65.5578 58.2834
66.0773 58.2885
68.439 57.8602
69.8639 58.0438
61.1449 58.7865
61.4299 58.9818
62.8609 59.5657
65.6032 59.771
66.8462 59.9099
68.0719 59.7586
68.8537 58.6366
70.9793 50.745
72.4363 50.6169
73.2118 50.491
75.0771 51.3691
76.5536 50.5389
77.7251 50.5232
79.2586 50.7231
70.7733 51.5503
72.2888 51.8442
73.1326 52.6789
74.6245 52.8254
76.0683 51.8244
77.4631 52.7302
79.9853 52.408
70.2141 53.0213
72.2544 52.9187
73.9903 53.9168
74.9421 53.3787
75.9373 53.8928
78.2521 53.4942
79.9006 54.2795
70.756 55.2911
71.889 54.6748
73.812 54.2896
74.6918 55.379
76.8263 54.7945
77.7165 54.5309
79.454 54.6549
71.2179 57.0284
71.5407 55.8484
73.5412 56.846
74.5665 56.2311
76.8532 56.8281
77.2914 56.965
79.2736 56.8315
70.7896 57.679
72.0798 58.2135
73.8062 57.6985
74.5879 58.4609
76.3452 57.6047
78.3667 58.5502
78.6315 58.0273
70.8843 58.8075
72.038 59.0093
73.9308 58.9375
75.693 59.8145
75.9587 58.8945
77.7745 59.6377
79.3624 59.3459
81.1638 50.8204
82.0742 50.8005
82.9489 50.1414
84.6555 51.2312
86.7887 50.3914
87.8133 51.0429
89.0657 50.0274
81.3376 52.0601
81.8308 52.7051
83.9148 51.9938
85.1212 51.7028
85.728 52.6143
88.5046 51.8271
89.3224 52.7823
80.9807 54.1883
81.8598 53.9212
83.3261 54.1969
85.6524 52.9054
86.2835 53.3667
87.7688 53.5586
88.6822 52.976
80.8226 55.2203
81.9236 54.2886
83.6382 54.636
85.6622 55.5035
86.8808 54.9295
88.5514 54.9762
88.692 54.8904
81.132 56.1164
82.6742 56.5381
84.0548 57.0077
85.5485 56.1063
86.0111 56.1941
87.6671 56.3442
88.9009 55.8277
81.1258 57.6492
82.4381 58.1266
83.6081 57.8643
84.6194 58.1902
85.9896 58.0441
87.4264 58.3154
89.6418 57.3543
80.9873 58.6305
81.5309 59.2615
83.4719 59.4256
84.73 59.341
86.1314 58.6794
87.8152 59.8438
89.517 59.9341
90.5554 50.9554
92.2012 51.3875
93.1402 50.3029
94.4888 50.9411
96.1567 50.9622
97.6785 50.8107
99.7837 50.5362
90.0684 51.6573
92.772 51.9586
93.6079 52.1184
95.3151 52.5258
96.4057 52.3852
97.2958 52.025
99.1651 51.4725
90.0268 53.6636
92.3844 54.1163
93.1549 53.5598
95.066 53.7616
96.4458 54.147
97.5143 53.5128
99.8852 53.7486
90.9786 55.359
91.8167 54.4281
93.0312 54.8428
94.433 54.785
96.6483 55.3207
97.2685 54.827
99.4532 54.3624
90.4511 56.5602
92.2792 56.6767
94.2048 56.0537
95.3642 55.961
96.8767 56.6276
98.4468 56.7913
98.8826 56.9856
90.3164 58.028
92.0056 57.858
93.6646 58.3933
94.4171 58.3906
96.966 57.7058
97.5112 58.2059
99.1397 57.643
90.3957 59.9489
92.4869 58.7581
93.6575 58.7508
95.5411 59.0162
96.1801 59.3253
97.4465 58.6182
98.8967 58.8001
1.11206 60.9325
2.57569 61.173
4.08201 60.5226
4.78452 60.5148
6.92954 60.3508
7.91293 60.0971
9.46962 60.0652
0.836227 61.5534
1.49204 61.6455
3.91697 61.4926
5.6397 61.488
6.11079 61.9695
8.25204 62.365
9.17148 61.7254
0.952867 64.1426
2.05173 63.3195
3.75222 63.4538
4.31469 63.0928
5.81243 64.1578
8.12404 63.1442
8.75062 63.7292
0.267057 64.4272
2.61415 65.3069
2.94552 65.3465
5.0922 64.2864
6.84441 65.3492
8.52785 64.4101
9.87452 65.3384
1.23883 66.4676
1.77602 66.4566
4.17126 66.4967
4.46441 66.0281
6.50184 67.1403
7.9888 66.5362
9.90329 66.7206
0.386616 67.9322
1.94283 67.4779
3.04731 67.7393
4.63761 68.4753
5.94135 67.8182
7.45443 67.8188
8.78841 68.3105
0.932616 68.7348
1.91356 69.8101
4.14425 69.5087
4.81593 69.366
6.12258 68.7669
7.40243 69.7547
9.47042 69.8689
10.8585 61.2728
12.377 60.9039
13.4358 61.1392
15.3796 60.8545
17.0059 61.1042
17.5428 60.9382
18.657 61.2085
10.638 61.5715
11.9303 61.4858
13.6574 61.5691
14.5019 62.1804
16.928 62.2665
18.1214 61.9501
19.3905 62.5928
10.1062 63.5963
12.642 63.5644
13.57 63.3031
14.3361 63.0817
16.3258 63.8185
18.2645 63.2691
19.7019 64.1397
10.9342 64.662
12.1581 64.9863
13.937 65.5169
14.8616 65.6074
16.0901 65.0006
17.1663 64.5058
18.6027 64.5923
10.8939 65.9963
12.4888 66.2582
13.2783 66.4687
14.8734 66.9531
17.14 65.782
17.7693 66.327
18.8532 66.7514
10.5363 68.3632
11.6459 68.1558
13.6431 67.7148
15.2144 68.117
15.8415 68.1704
17.1484 68.272
19.9409 68.2033
10.1756 69.3552
12.6154 69.8269
13.3714 68.9592
14.3862 69.0511
16.4963 69.8746
18.492 68.9455
19.8545 69.8192
20.6049 60.5341
22.709 60.6888
24.2618 60.2294
25.253 60.8566
25.9717 61.1666
27.2547 61.3802
29.9365 60.55
21.2413 61.9787
22.6029 62.5748
23.9322 62.8508
24.9239 61.926
26.9786 62.7149
27.8843 61.7341
29.5909 62.1833
20.0552 63.9859
22.549 63.1877
23.478 63.643
24.5886 63.9743
26.5651 63.9199
27.7553 63.4153
29.2666 63.7463
20.0853 64.7363
22.5752 64.4318
22.8985 65.5297
25.1675 65.5931
26.1795 65.5309
27.7195 64.8412
29.4397 64.5798
21.2471 66.3084
22.4185 66.1676
24.1374 65.9925
24.9883 66.4657
25.9065 65.8427
27.1846 65.9476
29.9269 66.8615
20.7574 67.7584
21.9271 68.3323
22.9186 68.3163
24.7023 67.2296
26.8168 68.0076
28.2081 68.4672
28.8013 67.6579
20.2193 69.4483
22.1024 69.3899
23.6858 69.8996
25.3373 69.6293
26.3267 69.9183
27.15 68.9234
29.9012 69.4196
31.3442 60.2603
31.5096 60.6104
34.0267 60.0791
35.6174 60.1982
36.9289 60.6038
38.4279 60.2987
39.8081 60.6217
30.0137 62.5828
32.574 61.8695
33.7022 62.6601
35.5909 61.9889
37.1253 62.0966
37.9238 61.571
39.7872 62.8399
30.4366 64.1473
32.3528 62.9084
33.7824 63.5328
35.3875 63.226
36.3122 63.0067
38.115 63.0451
39.8334 63.9083
30.5109 65.1266
31.4783 65.6241
33.5565 65.4639
34.6276 64.5142
35.8589 65.5137
37.1994 64.7876
39.8474 65.5701
30.1389 66.9493
31.4737 66.3224
32.961 66.2321
34.3529 66.6804
36.6315 66.8299
38.5091 66.6223
38.803 66.786
30.4357 67.2219
32.7381 67.8685
33.7161 68.014
35.1826 68.4613
35.7396 68.0637
37.8471 68.2201
39.2276 67.4851
30.4529 69.3765
32.0609 69.8258
33.6934 69.7977
34.8559 69.1625
36.4379 68.7618
37.3425 69.9095
39.2193 68.8347
41.1969 60.1406
41.9086 61.0003
43.735 61.0314
45.324 60.9879
45.9485 60.7644
48.2199 60.6914
49.6987 60.1342
40.3893 61.7187
41.8345 62.2303
44.1906 62.0243
45.2437 62.0328
46.6495 62.6944
48.361 62.4666
49.2496 62.8375
41.3074 63.5294
42.7433 62.8961
43.1281 64.0091
45.706 64.0522
47.1278 64.0289
48.1588 64.1043
49.9862 63.7977
41.3942 64.8894
42.5569 64.7399
43.0323 64.8895
44.9782 64.3692
46.3887 65.1468
48.4123 64.823
48.7082 65.2216
40.3036 67.0137
42.8535 65.8812
43.5408 66.952
44.3702 65.9841
45.9021 67.0613
47.8253 66.184
49.9207 66.0665
41.226 68.4475
41.6629 67.7366
42.882 67.9635
44.9451 67.9363
46.6442 67.5615
48.473 68.1272
49.8592 67.3637
40.6639 68.912
41.7485 68.5944
43.1566 68.5894
44.4252 69.7526
46.5847 69.0261
48.0244 69.5226
48.8165 68.8233
50.0621 60.2316
52.6274 61.092
53.1225 60.5494
54.748 60.0166
55.9093 60.7781
57.32 60.1065
58.9176 60.7757
50.0148 62.686
51.4561 62.6431
54.1535 61.5755
54.6105 62.2243
57.1092 62.182
57.3384 62.1
58.7161 61.6991
50.61 63.2213
52.0906 64.0337
53.0144 63.4552
55.3154 62.8682
56.297 63.4512
58.2447 64.0919
58.7592 63.87
50.1413 65.0728
52.4041 64.3398
54.0185 65.5985
55.2806 65.5031
56.712 65.2997
57.9772 64.7242
59.8068 64.7789
50.5861 66.5384
51.5738 66.5732
53.5684 66.8297
54.3995 66.7973
56.0543 67.0865
57.4156 67.0993
58.95 67.0811
50.9408 68.1901
52.4198 67.6547
53.689 67.8959
54.6072 67.6145
56.2161 67.3629
57.637 67.4955
59.7192 67.8067
50.551 68.7377
51.8561 69.3691
53.297 69.117
55.3879 68.7709
56.8182 69.2099
58.3624 68.999
58.8563 69.4387
61.2874 61.277
62.3293 60.1397
62.9841 60.0452
65.475 60.6875
66.7476 60.3618
67.298 60.7153
69.513 60.3002
60.5558 61.5785
62.8559 61.8495
63.3243 61.8816
65.6235 61.9985
65.8865 62.5965
67.8381 62.4024
68.6848 62.5979
61.2944 64.0746
62.6755 63.9283
63.3799 63.6048
65.63 64.223
66.5591 64.1262
68.1134 64.1275
68.5715 63.6384
60.3219 65.5503
62.4234 64.8596
63.3234 65.3682
65.6514 65.1882
67.0043 64.6909
67.564 64.9498
69.8904 64.8563
60.5776 66.9693
61.6326 66.1585
63.7306 66.9334
64.703 66.2074
66.2408 67.0003
68.1249 66.1371
68.6076 66.0867
61.4182 67.3646
61.7187 68.3927
63.4243 67.589
64.5242 68.2069
66.339 67.2143
67.9713 68.0493
69.3923 67.7635
60.9513 69.331
61.9909 69.5956
63.7864 68.8381
65.5874 69.2644
65.9666 68.8341
68.4384 69.1166
69.5731 69.98
70.9063 60.9407
72.014 60.2098
73.5788 60.527
74.9155 61.2595
76.0956 60.4862
77.8438 60.0471
78.812 60.2441
70.6253 61.7125
71.4736 62.6311
74.0813 61.5771
75.313 61.709
76.6109 62.3551
78.5449 62.6202
79.8213 61.955
70.6273 63.6079
71.6722 64.198
73.4657 64.118
75.4766 63.98
76.5033 63.5168
78.1677 63.9466
79.8554 62.9606
71.1648 64.8716
72.3401 64.7409
73.1116 65.6677
74.6289 64.552
76.4008 65.599
77.3587 64.9413
79.9737 65.0569
71.3897 66.3539
72.2895 67.038
73.5485 66.3475
75.5153 66.686
77.0725 67.039
77.6676 66.6365
78.943 66.8631
70.3107 67.5045
72.5198 67.8048
73.6539 68.1688
75.2426 68.5416
75.8841 67.5199
77.509 67.8665
79.301 68.0125
70.4909 69.749
71.9315 69.7532
73.218 69.6515
75.3183 69.4644
77.0861 69.7985
77.9947 69.0239
78.7346 69.119
81.1492 60.0597
82.7039 61.3102
84.2048 60.4738
84.7349 60.43
86.2883 61.4215
87.8852 60.8733
89.2261 60.3698
81.1277 62.1221
82.6858 62.3378
83.5592 61.4458
85.0299 62.0521
86.3437 62.0364
88.2547 62.6942
88.5977 61.5715
80.0197 63.2146
81.9705 63.0911
83.2672 63.0361
85.009 63.2636
86.2372 63.9772
88.0979 63.8992
89.7229 64.1044
80.4747 65.2233
82.5436 65.5104
83.9824 65.5134
85.0293 64.4148
86.1975 64.9313
88.0222 65.5947
89.5333 64.7517
80.2288 66.6871
82.5802 67.0152
83.214 66.9031
84.989 66.4919
86.0305 66.0994
87.9607 65.9399
89.261 65.773
81.3447 67.3448
82.2637 68.4569
84.1412 67.6755
84.7232 67.7217
86.0351 67.7253
87.4611 67.2855
89.8652 67.6589
80.0868 69.7171
82.5635 69.7819
83.3521 69.0423
84.3918 69.3216
86.7031 69.4884
87.3956 69.6706
88.7109 69.1388
90.8443 61.2042
92.5578 61.3767
93.2477 60.5687
94.5303 60.434
96.6016 60.6125
98.5091 60.4226
98.7232 60.5783
91.238 61.4801
91.9207 62.4355
93.499 62.413
94.4046 62.369
96.6473 62.6817
98.0769 62.3261
98.647 61.9923
90.4734 63.2369
91.6256 63.0956
93.0062 63.7886
95.3193 63.793
97.0804 63.0593
98.4384 63.1304
98.7435 62.9939
90.3887 65.202
91.9828 64.3308
92.9852 64.7248
94.7364 64.358
95.9485 64.9294
97.5708 64.7716
99.1945 65.1696
91.1836 66.7737
92.5425 66.5472
93.0261 67.0399
95.5653 66.752
95.7338 66.292
97.7807 66.321
99.8956 67.1317
91.4091 67.5746
92.2042 68.0559
93.3246 68.5672
94.4548 68.1346
96.9483 67.5791
97.2361 68.244
99.4666 68.2431
90.3543 68.785
92.1036 69.0303
93.4707 69.9823
94.4013 69.4277
96.4878 69.6685
97.8194 69.7946
99.9564 69.2638
0.26755 70.6949
2.32447 70.1714
3.96926 70.0613
4.4115 70.0643
5.77158 70.1954
7.16216 70.5044
8.93674 71.1378
0.571087 71.7007
1.55098 71.9565
3.94666 72.4661
5.1252 72.0178
5.78637 71.7145
7.83241 72.2573
9.03914 71.9645
0.655862 73.275
1.46642 73.759
3.30183 73.1003
4.54405 74.0118
6.34118 73.1577
8.16604 73.0978
9.08475 73.9733
1.01807 75.5286
1.61829 74.6005
3.58656 74.5489
4.70002 75.7129
5.81498 75.5169
7.46569 75.1003
9.34709 75.3593
0.910681 77.1224
2.23338 75.9472
4.00516 76.7396
5.49625 76.1942
6.51466 76.2484
8.00746 76.875
9.47492 75.8153
1.18453 78.3416
2.51273 78.518
4.00182 77.6978
4.9289 78.0066
6.72919 77.8097
7.38934 78.3274
9.01284 77.7145
0.70552 79.0324
1.87826 79.8746
3.05576 78.6924
4.58541 79.2666
6.40286 79.33
8.10862 79.8419
8.57829 78.7905
10.0467 70.1907
11.5767 71.0526
13.591 71.0057
14.4498 71.267
16.8388 70.0639
17.5958 71.3093
19.4346 70.6647
10.1651 72.122
12.492 72.5947
12.9634 72.1533
14.4321 71.8483
16.5378 71.7219
18.1471 72.448
19.2825 72.606
11.308 74.0384
12.6383 73.4288
12.8741 74.2092
14.8604 74.2133
16.4008 73.4604
18.4571 73.1389
19.2975 73.1409
11.1914 74.8982
12.6696 75.5506
12.9292 75.1848
14.9511 75.0525
15.7644 75.4079
17.8481 74.4224
18.6739 74.6689
10.4893 76.5615
12.8147 75.8095
13.972 76.0961
14.4943 75.8964
16.7984 76.5824
17.3397 76.7548
18.9069 76.3855
10.1091 77.7143
12.3262 78.297
14.249 78.0955
15.5016 77.6906
16.1006 77.9353
17.757 78.526
19.5938 78.0012
11.3997 79.3159
12.6541 78.6299
13.5531 78.6561
15.4771 79.8953
16.0854 79.5662
18.3665 79.5956
19.2491 79.605
20.8557 70.1755
21.8734 70.3129
24.0925 71.2625
25.587 70.6143
27.0113 70.0467
28.1235 70.5033
28.6097 70.0002
21.2585 71.9187
22.7989 72.5316
23.6701 72.2855
24.3758 72.369
26.9022 72.5193
28.1133 72.0654
28.979 72.1881
21.3525 74.2834
22.6999 74.2292
23.0429 73.5617
25.6131 74.1294
26.6817 73.2366
27.7327 73.5599
28.815 73.178
20.083 74.6437
21.8673 74.3709
22.9432 74.6088
25.0333 74.9265
26.0999 75.5406
28.2563 74.3926
29.1031 75.4665
20.9236 75.7537
21.6459 76.2421
23.126 76.9142
25.681 76.4435
26.4599 76.9032
28.5022 76.2389
29.537 75.8661
20.2647 78.1431
21.5569 77.747
24.2383 77.2586
25.3336 77.2722
26.4042 78.2833
28.1214 78.2561
28.6428 78.0191
21.1367 79.9913
22.8505 79.1162
23.2657 79.5936
24.7329 79.4275
26.6338 79.205
27.2484 79.6111
29.725 79.0179
31.1507 71.368
32.6715 70.6993
34.0224 70.2445
34.7303 70.6222
37.018 70.6779
37.2082 70.3542
39.9163 70.4681
30.0989 72.2704
32.2838 71.6221
33.9821 72.6153
35.6631 71.9841
36.7126 72.0896
37.3732 71.8063
38.8267 71.5089
31.022 73.5426
32.6387 72.9119
33.3568 73.4894
34.8584 73.4203
36.0523 73.2858
38.5218 73.9845
38.7398 74.177
30.5949 75.2023
32.3371 75.4087
34.0924 75.5493
34.7384 75.0727
36.9097 75.1103
38.3274 74.8353
39.9137 74.7483
30.0856 76.1772
31.8516 76.754
33.2493 76.8214
34.9313 76.3998
35.9104 77.0459
37.2748 75.9303
39.9803 76.1874
30.9008 77.261
31.6708 77.8771
33.2982 77.8952
35.2743 77.8917
36.2968 78.0856
37.1634 77.9476
38.955 78.2359
31.197 78.7878
31.7562 78.9253
34.1733 79.7766
35.4274 79.7328
35.9673 79.975
38.4448 78.8742
39.2104 79.2237
40.7117 70.9272
41.5708 70.6464
43.3526 70.3329
45.0942 70.9286
45.7513 70.1005
47.6179 70.5518
48.6912 71.2528
41.1542 71.8307
42.3033 72.7835
44.1048 72.4426
45.4853 71.6118
46.5594 71.4859
48.3975 72.5039
49.3256 72.0505
41.2764 73.9067
41.6989 73.7283
43.1083 73.1379
44.8093 74.0674
46.9212 74.2835
47.4059 73.3397
48.8016 73.7806
40.7519 75.1933
42.308 74.7443
43.2504 74.9455
44.9399 75.2053
46.8563 74.7624
47.9167 75.4153
49.7849 74.292
40.3064 76.6667
41.847 76.8676
43.3878 76.2791
45.3016 76.6565
45.9654 75.8556
48.4653 76.4482
49.1005 75.889
41.05 78.0759
42.6682 77.9217
43.2118 77.7919
45.7029 78.3493
46.8787 77.5844
47.9509 78.2879
49.6532 77.5127
40.9421 78.7941
42.5522 78.8957
43.7573 79.7023
44.8624 79.7505
45.7683 79.8264
48.0533 78.8747
48.5886 79.2127
51.1034 70.4508
51.7248 71.2449
53.5688 71.1986
55.5386 70.6944
57.0292 70.7824
58.4062 71.2104
58.7331 70.8598
50.4464 72.4755
51.4472 72.5292
52.9628 71.8403
55.5701 72.0802
55.7286 72.7453
58.217 72.4492
58.9069 72.6586
50.4205 73.821
51.6668 73.0589
52.9569 74.1329
55.5655 73.2048
55.7999 73.8589
58.2635 73.3765
59.4254 72.9527
51.2321 75.5396
52.5791 74.7888
53.4591 75.6112
55.0256 75.0456
55.8199 75.5871
57.4775 74.9074
58.9361 75.4752
50.5439 76.6236
52.5224 76.2174
53.6847 76.3362
54.8458 76.1846
55.7585 76.2285
57.9343 77.0703
58.9204 76.3307
50.2574 77.943
52.6486 78.5415
53.2084 77.6309
54.7501 77.376
56.1545 78.5484
57.481 78.2871
59.9919 78.4714
50.7647 78.6386
52.8266 79.8329
53.3226 79.9168
54.7323 79.356
55.8122 79.3259
57.7694 79.3468
58.8253 78.836
61.3473 70.9444
61.9066 70.6651
63.107 71.3962
64.9745 70.7124
66.9474 71.0775
68.2213 70.6474
69.2334 70.4949
60.264 71.899
62.2257 72.0122
63.6006 71.898
65.4466 71.4527
67.0854 72.6479
67.614 71.4422
69.6904 72.1612
60.5032 73.9605
62.6763 74.1905
63.6984 73.4326
64.8924 72.9087
65.8507 73.1045
67.7749 73.8925
69.8335 72.8675
60.0668 75.2515
61.6769 74.3656
62.9958 75.2616
64.466 74.6943
66.971 74.6722
68.0136 75.417
69.5076 75.0258
60.1635 75.8118
62.3229 77.0286
63.1768 75.7701
65.0167 76.8749
66.3219 77.0551
67.9631 75.9111
69.0524 77.0063
61.4048 78.4226
62.5011 78.4901
63.3264 77.4728
65.3567 78.5346
66.9097 77.5459
68.5065 78.2363
68.8728 77.4023
61.244 79.0795
61.686 78.7186
63.7031 79.7087
64.3158 78.6609
67.0988 79.7353
67.4823 79.0044
68.682 79.6583
71.2322 70.8255
71.8659 70.7098
74.1094 70.0504
74.8281 70.234
76.3233 70.6544
77.8049 70.7336
78.9558 70.0491
70.5323 71.5333
72.3195 71.5446
73.4795 71.5233
74.5952 71.9466
76.9047 72.2351
77.5926 72.7631
79.6853 72.0146
70.3532 74.2631
72.1139 73.8631
72.9114 73.8006
75.6989 74.1399
76.7793 73.8697
77.2127 72.9238
78.8751 73.9697
70.4924 74.6933
72.7419 74.6545
73.3771 74.3764
74.5892 75.4123
76.5029 75.0426
77.5043 75.1459
78.8444 74.5396
70.5028 76.076
72.0808 76.1677
73.1265 76.0981
75.3208 76.1564
77.1297 76.5304
77.1432 77.1293
79.9269 76.355
70.8566 77.7429
72.6057 78.3521
73.3414 78.5073
75.1239 78.1472
76.3266 78.4907
77.1598 77.8605
79.7479 78.3371
71.2492 78.625
72.359 79.4987
73.1926 78.9356
75.5803 79.558
76.3791 79.7452
77.195 79.2007
79.0156 79.7089
80.15 70.104
82.2498 71.2031
84.1119 70.1077
85.0442 70.4067
85.8469 70.6957
87.3354 70.2082
88.828 70.3613
80.4375 72.0508
82.2674 72.1603
84.1746 71.4649
85.5008 71.4312
86.9499 71.5812
87.4836 71.4725
89.2586 72.3785
80.2184 72.8722
82.223 73.8794
83.5092 73.3423
84.4305 73.3535
86.4763 74.1897
88.2247 74.1647
88.77 73.8055
81.2131 74.7148
81.8326 74.4338
83.8141 74.8001
85.6659 75.6981
86.1142 75.6437
88.3162 75.1226
89.4293 74.6596
81.3634 76.549
81.6 76.9867
82.878 76.893
84.604 76.989
86.9905 77.1399
87.6109 75.9716
89.085 76.2651
80.5145 78.3802
81.5535 77.6401
83.9746 77.9657
84.45 78.274
85.7593 77.2379
88.0212 78.3491
88.5923 77.5536
81.1735 79.4813
81.7407 79.3321
83.3293 79.8973
85.3204 79.0846
86.0511 78.9792
87.3439 78.944
89.3361 79.9527
90.9517 71.3174
92.3627 70.0503
93.6403 70.4942
95.5305 70.8252
96.586 70.7933
98.0198 71.3665
99.6043 71.192
91.1688 72.6397
91.7899 72.6284
93.7936 72.2983
94.7541 72.6877
95.9066 71.9738
97.3781 72.4381
99.934 72.4522
91.2834 73.15
92.278 72.9848
93.5828 74.2717
95.5191 74.1551
95.9145 73.8669
98.3979 73.183
99.3639 73.8957
90.4772 75.1847
92.5866 74.6457
93.854 74.9842
95.279 74.4741
96.2684 75.3985
97.1514 75.3222
99.6323 75.4368
90.9811 75.7712
91.6014 75.9316
93.568 76.689
94.3821 76.6703
96.5801 75.7409
97.1692 75.7215
99.5028 76.016
91.2284 78.081
92.503 77.9656
93.3371 78.0813
95.3179 77.1672
97.0745 77.2372
98.2692 77.8817
98.7753 77.423
90.5062 78.7292
92.1017 78.7942
93.7584 79.6654
95.001 79.5267
96.3562 79.284
97.3984 78.8554
99.0476 79.0004
0.472857 80.3905
2.80464 81.0781
3.87227 80.1442
5.54399 80.0967
6.24762 80.022
8.05755 80.922
9.67741 80.9777
1.04533 81.4539
2.67284 82.039
3.0485 81.8722
5.57948 82.5274
7.08802 81.6778
7.25196 81.5965
9.24326 82.6939
0.164379 83.4179
1.86692 84.1501
3.78362 83.8812
4.43879 83.8674
7.1349 83.0628
7.71494 83.7872
9.6747 83.6909
0.342128 85.1603
1.81148 85.1261
2.90726 84.4747
5.56905 84.639
6.40855 84.3086
8.5042 84.3806
9.9369 85.0166
0.0425857 86.6884
1.83277 86.4959
3.77569 86.686
5.09609 86.716
6.0168 87.0101
8.52843 86.9159
9.83345 86.8136
1.34237 88.3831
1.4645 88.2317
3.27928 87.8773
4.53618 87.6107
6.68651 88.3409
8.22297 87.7772
9.02006 88.3477
1.39165 89.296
1.53141 89.3134
3.23643 89.787
5.38434 89.5985
5.8369 89.2244
7.24278 89.8252
9.75366 89.1356
10.0409 80.6802
12.7595 80.2032
13.4701 81.2019
15.639 80.8942
16.0721 80.2271
17.4536 81.1521
19.7949 80.7957
10.7066 82.7951
11.5557 82.0168
13.559 82.1911
15.1761 82.2215
16.5568 82.39
18.4721 82.5251
19.5284 82.2044
10.4327 83.0002
12.8442 83.635
14.1063 83.9343
15.4988 83.3611
16.4564 83.3018
17.7653 83.052
19.4504 83.2513
10.7061 84.7547
12.1926 85.1618
14.0987 84.9296
14.6476 84.5122
17.1123 84.3283
18.1524 84.8682
19.2939 85.507
11.0372 86.0452
12.2131 85.9173
13.4517 86.5962
14.6647 85.8175
16.7568 86.1842
17.3008 86.7608
19.2891 86.7614
10.4565 87.3163
12.4954 87.4121
13.2149 87.6122
14.6479 87.4183
15.8982 88.4826
18.5218 88.2679
19.8264 87.3522
11.0227 88.7391
11.7105 88.7574
13.8387 89.8703
15.1977 88.906
16.1836 89.7734
18.2359 89.0772
19.6712 89.9959
20.3634 81.1693
22.478 80.3301
23.8648 81.3781
24.8495 80.4522
26.2097 80.35
27.4932 80.3715
29.2137 80.0582
20.1812 81.4682
22.7128 82.7298
23.1898 81.5624
25.4699 81.9116
26.579 82.0121
27.1664 81.4561
28.6791 81.9958
20.4717 83.2456
22.1167 83.1065
23.7858 83.5361
25.6274 84.1602
26.0722 84.0769
28.2513 84.1796
29.3445 83.8701
21.0216 84.5168
21.4789 84.5085
23.6946 84.5761
25.1886 84.6759
26.5779 85.2207
27.8937 84.9837
29.3621 84.9507
21.0489 86.4449
22.2586 86.6058
23.3276 86.7436
24.8686 86.7598
26.5396 86.6773
27.4344 85.8792
29.672 86.2321
20.9721 88.2556
22.8267 87.9702
24.1042 87.6787
24.3124 88.0621
25.9887 87.8294
27.5222 88.2833
28.8079 87.4175
20.8964 89.2576
22.577 89.0657
24.1549 89.206
25.4617 89.8159
26.3172 88.6228
27.3464 89.3355
28.8099 89.584
30.4509 80.8707
31.5844 80.8205
33.1585 80.8935
35.5415 80.7421
36.0431 80.5302
37.3609 80.8897
38.802 80.602
30.8535 81.8464
32.2272 82.6014
33.8838 81.7121
35.176 81.7565
36.337 82.0326
37.8137 81.431
39.994 82.8376
30.4334 84.1507
32.2447 83.1334
33.1751 84.0428
35.3738 84.1069
35.9013 83.0693
38.4548 84.0254
38.7351 83.3244
30.8581 84.4676
31.7501 84.9753
33.652 84.917
35.6247 84.8816
36.8546 84.4529
38.2139 85.6184
38.9733 85.2805
30.8107 86.575
32.7272 85.7225
33.9441 86.2837
34.6316 86.8339
36.0839 85.7989
38.0864 86.4084
39.1231 86.5858
31.3932 87.6104
32.5784 87.3865
33.1017 87.585
34.6843 87.7543
36.4281 87.824
38.2518 87.8664
39.1972 88.4329
30.7597 88.6655
32.8102 89.6799
33.5202 89.9729
35.3293 89.5566
37.0153 89.8312
37.8793 89.3059
39.454 89.5059
40.708 80.1842
42.8352 80.3882
43.2891 80.975
45.2146 81.1962
46.6454 80.0255
48.4102 80.5257
49.6572 80.7318
41.3073 82.6308
42.2887 82.6721
44.2329 81.8749
45.1514 81.9845
46.1106 81.591
48.3669 82.4252
49.0212 81.9611
40.2043 83.5771
42.0689 83.172
42.8982 84.0196
44.5122 84.2836
46.9911 83.6229
47.4851 83.8326
49.2872 82.904
40.8747 85.6199
41.635 84.6722
43.2567 84.8603
45.4803 84.9699
47.0884 84.7103
47.2583 84.9105
48.7084 85.6889
40.5906 86.6653
42.2197 85.7297
43.9404 86.0442
44.7139 86.0814
46.0591 86.3553
47.5541 86.292
49.8906 85.8388
40.8773 88.3938
42.6359 87.9552
43.1937 87.4572
45.3429 87.9082
46.9494 87.3343
47.7584 88.263
49.3629 87.7341
40.1043 89.0537
42.4375 89.5076
43.2286 88.5729
45.0775 89.3259
45.9233 88.8332
48.2715 89.8389
49.9394 88.6144
51.2854 81.0029
51.7818 80.063
53.6338 81.2261
55.0471 81.2179
56.4934 81.1139
57.563 80.5516
58.6065 81.396
51.3189 81.9503
52.4693 82.1198
53.112 81.738
55.7075 82.2653
56.3302 82.5091
57.2327 81.5419
59.0296 81.8725
50.0128 83.5849
51.5721 83.1198
53.8812 83.1522
55.2719 84.0069
56.3386 84.1879
57.4249 83.9785
59.6984 84.1423
50.0676 85.6322
51.9272 84.4972
53.4847 84.8497
54.8431 85.243
55.8742 84.67
58.2154 84.3781
58.7928 84.5914
51.0886 86.5783
52.8303 85.8202
53.4814 86.984
55.6119 86.6029
56.5296 86.7359
57.6912 86.3969
59.414 87.0355
50.798 87.9036
52.7343 88.4547
54.0324 88.0667
54.9378 88.5706
56.9469 87.7553
57.9473 87.4498
59.5337 87.4553
50.6611 89.8969
51.5597 89.8633
53.426 88.8346
54.4748 88.7067
56.6106 88.958
57.2818 88.9219
59.8156 89.8101
60.0084 80.9853
62.1534 80.6033
63.6494 81.2047
65.0999 80.168
66.7397 80.6027
67.4928 80.704
69.0097 80.7028
61.1224 82.6932
62.8 82.4503
62.974 81.9052
65.7061 81.4553
66.2231 81.9717
68.3172 81.7598
68.7056 81.8519
60.8248 83.8158
61.9653 83.151
63.4821 83.305
65.391 83.5465
66.5615 83.4564
67.7996 83.0142
69.8178 83.7236
61.064 84.6559
61.4832 85.3948
63.822 85.6456
64.8275 85.2013
65.8976 84.7443
67.3017 85.0251
68.7778 84.9954
61.0854 87.1107
62.5782 86.7551
64.2616 86.3391
64.8424 85.7608
66.5426 85.8216
68.4847 86.8933
68.9747 85.8229
60.1666 88.1359
61.7747 88.1943
63.4382 87.8822
64.6456 88.0404
66.7849 88.4707
68.1283 87.5962
69.7447 87.3233
60.3459 89.9547
61.5197 89.4122
63.0236 88.7244
65.5144 89.5987
65.8963 88.5882
68.255 89.3298
69.3267 89.4097
70.847 80.7005
71.8596 81.234
72.9351 81.4194
74.9426 80.5709
76.9066 80.9881
78.0805 80.5346
78.796 80.2077
70.6072 82.4636
71.8004 82.8177
73.9237 81.7499
75.6181 81.468
76.3829 81.7645
77.8689 81.6268
79.3498 82.1079
70.8896 83.9802
72.1499 83.9173
74.2759 83.9922
74.5545 83.6094
76.8553 82.868
78.1028 83.0913
79.5278 83.1771
71.3779 85.6771
71.4896 84.5135
73.9229 85.4403
75.1322 85.1319
77.0984 85.0536
78.1062 85.297
79.2568 85.706
70.9941 86.4251
71.5663 87.0693
72.8819 86.9701
74.8321 86.5623
76.5829 85.7851
78.1457 86.3844
79.9669 86.0744
70.2315 88.5359
72.0509 88.1971
73.2991 87.6824
74.7764 87.3895
76.1333 87.8114
78.2219 87.6741
79.9008 87.1998
70.6749 89.3867
72.7953 89.4738
73.7889 89.3191
74.4103 88.7494
75.8021 89.4827
78.3211 89.4484
79.6886 88.9059
80.8458 81.2911
82.6214 80.0062
83.3102 81.0757
84.4726 80.1187
85.7724 80.1316
87.2493 80.8831
89.7388 81.1832
80.2369 82.763
82.6638 81.5095
83.0518 82.8032
84.8747 81.9009
86.6947 82.0058
88.3204 81.5025
89.2207 81.5834
80.4789 83.3338
82.1738 82.9917
83.9769 84.152
84.9288 82.9479
85.9991 83.5314
87.966 83.1673
88.8372 84.1356
80.586 84.8857
82.063 85.3396
84.0872 85.5254
85.3627 84.3641
86.7412 85.6665
88.0301 84.5356
89.9361 85.698
80.2367 86.8815
82.4403 85.7388
83.6189 87.1297
85.2573 87.0914
86.7917 87.0599
88.2323 86.5065
89.4852 86.6267
80.3628 87.5224
81.9426 87.2994
83.7163 88.5296
84.9542 88.3857
86.1358 88.026
88.5418 87.3332
88.7345 88.1793
80.9413 89.4621
81.9683 89.2718
82.876 89.5794
85.0532 89.934
86.1488 89.0307
88.0128 88.7669
89.0528 88.868
90.4355 81.1019
91.5954 81.4281
93.8515 80.4186
94.9153 81.3018
96.5945 80.1749
97.8918 80.3772
99.1945 80.1742
90.4844 82.0597
91.9343 82.5387
93.5571 82.2989
95.1113 82.5506
96.1394 81.5521
97.5189 81.5476
99.4061 81.4386
90.6689 83.4958
92.4573 83.7415
93.0281 82.9219
95.2042 83.4116
96.4265 83.6292
97.7186 84.1564
99.2773 84.0654
90.2901 85.6635
92.1925 84.5884
93.9513 84.8923
95.6397 84.5811
96.8564 85.4959
97.9253 85.6777
99.5385 84.9202
90.3399 87.0926
91.7358 86.6513
94.1777 86.9739
95.6846 86.561
96.5912 85.9021
98.452 87.0106
99.7984 86.9245
90.3568 87.3331
92.3828 88.4511
93.7097 88.3717
95.6067 87.7339
97.0986 88.0312
97.4634 87.5392
99.3337 87.7718
90.2254 89.0071
92.2351 89.7482
93.461 89.7809
95.2386 89.0238
96.2742 89.8919
97.6355 88.6787
98.9743 89.0699
0.768545 91.2144
1.6796 90.876
3.769 90.654
4.34119 90.9873
5.94939 90.5512
8.11252 90.0792
9.6869 90.9957
0.379384 92.1547
2.27348 92.3145
3.01099 91.8467
4.36074 91.5219
6.84415 92.5222
7.16008 92.6598
9.38674 92.5264
1.33583 94.0018
1.63759 93.9601
3.89442 93.6478
4.82373 93.8774
6.69977 92.9383
8.57071 93.7314
8.65924 93.463
1.38978 94.5285
1.56205 94.428
3.44953 95.6314
4.596 95.4748
5.80021 94.6822
7.47022 94.6917
9.46315 95.4446
1.14562 96.6641
2.20209 95.9105
3.12037 96.8263
4.47177 96.8708
6.48855 95.9495
7.92022 96.8144
9.8421 96.6054
0.356734 98.1906
2.66874 97.4833
3.79069 97.2422
4.59064 97.5362
6.20794 98.202
7.23443 97.8662
8.66485 97.6559
1.13363 98.7314
2.09734 98.9354
3.82315 99.0525
5.17497 99.7482
6.5246 98.8161
7.31814 99.3398
9.78666 99.0005
10.5145 91.2247
12.34 90.9558
13.6584 90.9043
15.4308 90.0058
17.0096 90.0093
17.3351 90.9009
19.0312 90.2423
10.1515 91.5847
11.7612 92.2672
13.0713 91.82
15.4388 91.7085
16.8296 91.4355
17.3982 91.9309
19.3074 92.0481
10.1971 93.0597
12.8365 92.9912
13.9699 92.9214
14.5655 93.8664
16.0705 93.9764
17.5433 93.2389
19.5158 92.9585
10.7679 94.8209
11.6024 95.0684
12.9008 95.6004
15.4287 94.9598
15.9072 95.1807
17.2003 95.6441
18.7343 94.933
10.8333 96.1915
12.1447 96.7749
13.2363 96.7602
14.4361 95.9337
17.098 96.7689
17.7824 96.586
19.0527 96.0844
10.6997 97.876
11.8428 97.949
13.9727 97.308
15.456 98.1927
16.8237 97.4285
18.2098 98.2047
18.5894 97.7135
11.0036 98.8517
11.6615 98.8082
13.1858 99.521
14.3919 99.1194
16.0035 99.4901
18.1151 99.8701
19.0138 99.4571
20.1532 90.5044
22.6277 90.5778
23.2267 91.2721
25.3845 90.1085
27.1339 91.2066
27.7737 91.23
29.9275 91.2279
20.4374 91.8548
22.2008 92.2303
24.1042 91.6742
24.6893 92.163
26.1319 92.8091
27.3922 92.6199
29.8413 91.4454
20.2387 93.1642
22.2892 93.9995
22.9254 92.9359
25.0126 93.5893
25.9306 93.1015
27.4341 93.5612
28.8303 94.1485
21.0043 94.8235
22.6716 95.0202
23.1305 94.6683
25.4735 94.9837
26.5264 95.4302
28.3707 94.7701
29.0336 94.5624
20.7239 96.1987
22.8409 96.4305
23.5439 96.9225
25.3432 97.0368
26.3464 95.7188
27.8364 96.4115
28.7891 96.3726
21.0804 97.3597
21.9555 97.6434
23.1885 98.2286
25.2697 98.2126
26.7944 97.2215
28.2239 98.2134
29.42 97.164
21.4142 98.865
22.4224 99.4519
23.8238 99.7843
24.4571 99.0594
26.6085 99.3545
27.8677 99.4843
28.7098 99.2965
31.3523 90.191
32.7901 90.0271
33.8743 90.8908
34.5533 90.3568
36.2289 91.0262
38.3178 90.2401
38.6626 90.3886
30.8125 91.5778
31.8571 92.8252
33.9446 92.8312
35.3233 92.7472
35.7423 92.0769
38.262 91.49
39.5836 91.9464
31.1036 93.1143
31.7993 93.2588
33.6786 93.8503
34.4953 93.374
36.3238 93.5847
37.9927 93.8025
38.8569 92.9069
31.1261 94.9255
32.26 94.7999
33.2009 94.8737
35.6493 95.6619
36.4235 94.7169
38.1265 95.3045
39.4908 94.6505
31.036 96.4007
32.2661 96.1605
33.3187 96.5184
34.7782 96.3849
35.7751 95.8788
37.4279 96.6309
39.4306 97.0913
31.3283 97.2357
32.0604 97.1744
33.8059 98.3863
35.416 97.2988
36.4518 98.5023
38.523 97.8338
39.5013 97.731
31.2912 99.047
32.7885 98.8677
33.2725 98.6027
34.9207 99.8617
35.7362 99.3572
38.2033 99.8715
39.6575 99.5307
40.6686 91.2752
42.5336 90.5875
43.3312 90.9073
45.508 90.2969
45.8767 91.0571
48.4023 90.6943
49.7207 90.5387
41.2388 92.7121
41.8262 91.5969
43.5561 91.992
45.7072 91.902
46.4303 92.7988
47.3833 92.8507
49.6875 91.8993
41.3882 93.3044
42.0392 93.9296
43.9782 93.955
44.3314 93.3898
46.6429 93.2431
47.7703 93.0698
48.5912 93.8066
40.1516 95.1085
42.5249 94.7169
43.7247 95.6859
44.743 94.7046
46.6636 95.6525
48.1747 94.4752
49.0724 95.1908
40.6093 96.7317
41.9819 96.1747
43.2095 96.1208
44.5034 95.9787
46.9111 96.1439
47.7682 96.245
49.1861 95.92
41.4241 98.4065
42.5516 98.1554
44.0675 98.0688
45.221 98.5315
46.9439 97.2496
48.5704 98.2131
49.7495 98.5582
40.0936 99.3829
42.3386 99.4423
43.1401 99.7398
45.3838 99.6078
46.8891 98.9457
47.6595 99.2213
49.7641 99.8307
51.3985 90.4364
52.3779 90.5805
54.2323 90.9629
54.7506 91.1759
56.6144 90.3564
57.4424 91.1956
58.759 90.6357
51.3173 91.6436
52.1731 92.3504
53.1194 91.4519
55.2065 92.0586
56.4991 91.9726
57.2355 92.5495
58.7136 91.9815
50.6323 93.1713
52.0745 93.2251
54.2324 93.2021
54.8203 93.4624
56.711 93.4884
57.4017 93.4694
58.5785 94.1317
51.2631 94.7369
51.885 95.3123
53.9327 94.7401
54.5074 94.7903
55.934 94.3313
57.7537 95.3255
59.8012 94.7938
50.9855 96.4945
52.3506 95.9107
52.8715 96.6904
55.2567 96.2669
56.5536 96.9568
58.3052 96.257
59.0576 96.1972
50.0935 97.4999
52.6148 97.503
53.562 98.45
54.9382 98.5209
56.8804 98.4121
57.6976 98.1982
58.711 97.2995
50.7617 99.2522
52.2634 99.4354
53.5494 99.4721
54.5735 99.9054
56.3966 99.4654
58.4076 99.8081
59.4301 98.7791
60.8257 90.8643
61.8593 90.021
63.5945 91.2404
64.78 90.7337
66.8905 90.2953
68.4099 91.1916
68.8626 90.4015
60.8332 92.5609
62.3358 91.7071
63.7315 92.76
64.6765 92.4676
66.5671 92.4166
67.5155 91.8873
68.6263 92.1224
60.5431 93.7523
62.6108 92.9346
64.2043 93.4986
64.9809 93.3169
66.8286 94.268
67.7524 93.2477
68.7258 94.17
60.8182 94.7386
62.4715 94.9691
63.8802 95.2977
64.9583 95.3754
65.8648 94.4639
68.003 94.7287
69.2029 95.4105
60.3293 96.2399
62.4777 96.9944
63.6334 96.3854
65.1684 96.859
66.8921 96.2889
67.1602 96.1794
69.5794 97.0971
60.0181 97.4557
61.4952 97.1795
63.4409 97.6471
64.4146 97.6428
65.7625 98.0581
67.6636 97.1927
69.2036 97.2384
61.1537 99.534
62.6244 99.3394
63.4181 98.936
65.2482 99.2124
67.1036 99.1979
67.288 99.5503
69.08 99.6538
70.9679 90.8459
72.6499 90.1048
73.7421 90.8666
74.3556 90.9315
76.5451 90.4957
77.848 90.8822
79.9697 90.8312
70.6316 91.8845
71.5661 92.1471
74.1303 92.2727
74.8051 92.0133
76.5517 92.572
78.3142 92.6592
79.6738 91.9445
70.7724 93.3432
72.1836 93.1502
73.0356 93.3047
74.9864 93.2109
75.9639 93.6121
78.239 92.9041
78.8059 94.2657
70.5269 94.667
71.8091 94.9448
74.0621 95.3221
74.5747 95.4021
75.8958 95.0846
78.1653 94.5576
79.0456 94.9471
70.5555 96.9909
71.587 96.1904
73.6033 97.0437
75.56 96.7219
76.1093 96.4457
78.433 96.7673
78.841 96.5485
70.7281 97.8069
71.7223 97.7307
73.4994 98.2757
75.4473 97.4939
75.8432 98.3723
77.3479 98.2683
79.071 97.5613
70.4306 98.7655
72.0179 98.9942
73.1098 98.6517
75.5094 99.2532
76.9119 99.5194
78.3921 99.9382
79.0809 99.0221
81.1128 91.2711
81.9858 91.3813
83.3168 90.3559
84.437 90.4532
86.5084 90.8614
87.5103 90.8343
88.773 90.0871
80.9461 92.8442
82.7106 92.8155
84.2182 91.7355
84.9153 91.6152
85.8372 92.2688
87.7506 91.9116
88.9382 92.0072
80.197 93.2953
82.1427 93.8736
83.9961 93.0091
85.2014 93.878
86.4766 93.8208
87.4591 93.6641
88.8856 93.129
80.401 94.8346
81.5279 94.6
83.7319 95.5313
84.7966 94.8044
85.9529 95.5811
88.12 95.2261
89.0949 95.1919
80.702 96.1795
82.6073 96.4485
84.1474 97.0444
85.6799 96.2324
85.9089 96.4337
87.3535 95.9975
89.6715 97.0456
80.7888 97.9723
82.1779 97.3178
83.0977 98.3445
84.5809 97.9042
86.7842 98.3961
87.3554 98.1925
89.1153 97.5095
81.3443 99.5604
81.7473 99.4657
83.5061 98.8843
84.323 99.4595
86.5617 98.9834
87.1761 99.3359
89.3316 98.7823
90.9355 90.2006
92.0034 90.8009
93.6519 91.4255
94.4437 90.6054
96.4919 90.8778
97.4109 91.0519
98.7505 90.4042
90.0586 91.7619
91.9857 91.456
93.8164 92.6933
95.3017 91.6959
96.9021 92.5285
97.3926 91.5678
98.6791 91.5163
91.1626 93.3541
92.1981 93.2332
93.7188 94.1325
94.3527 93.1656
97.1294 93.3715
97.3997 93.0816
98.701 92.9562
91.4277 94.6615
91.4692 94.7046
93.5221 95.3326
94.9631 95.0694
96.0829 94.701
98.3208 95.3241
99.063 95.3313
90.0316 96.527
92.5483 95.8022
93.0872 96.3357
94.5275 95.9112
96.3724 95.9153
98.5005 96.2329
99.6942 96.4568
90.7479 97.8037
92.8167 97.8
93.8743 98.0654
94.3072 97.7509
96.0217 98.2895
98.3596 97.9188
98.9622 97.9037
90.3128 99.1907
92.7511 98.7389
93.7684 99.0064
94.5002 99.8536
96.7482 99.993
97.9072 99.7017
99.6106 98.6895
